622.7288
0,(2.8, 0.0, -0.7),True,0.3839111,0.3839111,True
1,(2.8, 0.0, 2.1),False,0,0,False
2,(0.7, 0.0, -1.4),True,2.08783,0.3107605,False
3,(0.7, 0.0, -3.5),False,0,0,False
4,(0.7, 0.0, -1.4),False,0,0,False
5,(3.5, 0.0, 0.7),False,0,0,False
6,(1.4, 0.0, 3.5),True,5.330933,0.4220886,False
7,(2.8, 0.0, 0.7),True,6.208405,0.344574,False
8,(0.7, 0.0, 1.4),True,7.196503,0.4996338,True
9,(0.7, 0.0, 2.8),False,0,0,False
10,(-0.7, 0.0, 0.7),False,0,0,False
11,(-0.7, 0.0, 3.5),True,9.306763,0.2332153,True
12,(-0.7, 0.0, -3.5),False,0,0,False
13,(-0.7, 0.0, 0.7),False,0,0,False
14,(1.4, 0.0, -0.7),False,0,0,False
15,(-1.4, 0.0, -2.1),True,12.22772,0.0446167,True
16,(0.7, 0.0, 2.8),False,0,0,False
17,(-0.7, 0.0, -0.7),True,14.4375,0.4219971,True
18,(-2.1, 0.0, -1.4),True,15.2038,0.4442139,True
19,(-1.4, 0.0, -0.7),True,15.94794,0.4551697,True
20,(3.5, 0.0, -0.7),False,0,0,False
21,(-2.1, 0.0, -2.8),False,0,0,False
22,(-2.1, 0.0, 2.8),False,0,0,False
23,(-1.4, 0.0, 3.5),False,0,0,False
24,(-1.4, 0.0, -2.1),True,19.40207,0.3443604,True
25,(-2.1, 0.0, 2.8),False,0,0,False
26,(2.1, 0.0, 2.8),True,21.37863,0.5108643,True
27,(2.1, 0.0, -1.4),False,0,0,False
28,(-1.4, 0.0, -3.5),False,0,0,False
29,(1.4, 0.0, 0.7),True,23.6666,0.2555542,True
30,(2.1, 0.0, -2.8),False,0,0,False
31,(3.5, 0.0, -1.4),False,0,0,False
32,(-1.4, 0.0, -2.1),True,26.28751,0.2999268,False
33,(-2.1, 0.0, 1.4),True,27.0538,0.3998413,False
34,(3.5, 0.0, 0.7),False,0,0,False
35,(2.8, 0.0, -0.7),False,0,0,False
36,(-2.8, 0.0, -2.1),False,0,0,False
37,(0.7, 0.0, -2.8),False,0,0,False
38,(2.8, 0.0, -0.7),False,0,0,False
39,(-1.4, 0.0, 3.5),False,0,0,False
40,(0.7, 0.0, 0.7),True,33.01755,0.4663696,True
41,(-3.5, 0.0, 1.4),False,0,0,False
42,(3.5, 0.0, 1.4),False,0,0,False
43,(-2.8, 0.0, 2.1),False,0,0,False
44,(-3.5, 0.0, 0.7),False,0,0,False
45,(1.4, 0.0, -0.7),False,0,0,False
46,(-0.7, 0.0, 2.8),False,0,0,False
47,(2.1, 0.0, 2.8),False,0,0,False
48,(3.5, 0.0, -1.4),False,0,0,False
49,(0.7, 0.0, -2.8),True,40.33664,0.3557129,True
50,(-1.4, 0.0, -0.7),True,41.12485,0.3442383,True
51,(1.4, 0.0, -2.1),True,41.82443,0.3996582,True
52,(-3.5, 0.0, -1.4),False,0,0,False
53,(2.8, 0.0, 0.7),False,0,0,False
54,(-1.4, 0.0, 2.1),True,44.29001,0.4108887,True
55,(2.8, 0.0, -2.1),False,0,0,False
56,(1.4, 0.0, -2.1),True,45.87808,0.4996948,False
57,(-1.4, 0.0, 3.5),False,0,0,False
58,(0.7, 0.0, -3.5),False,0,0,False
59,(-2.1, 0.0, 1.4),True,48.51022,0.3442383,False
60,(-0.7, 0.0, 1.4),True,49.32089,0.4331665,True
61,(0.7, 0.0, -0.7),True,50.00967,0.3109131,True
62,(-3.5, 0.0, -0.7),False,0,0,False
63,(3.5, 0.0, 1.4),False,0,0,False
64,(2.1, 0.0, 1.4),False,0,0,False
65,(-2.1, 0.0, 2.8),False,0,0,False
66,(2.8, 0.0, 0.7),False,0,0,False
67,(0.7, 0.0, -1.4),True,54.47403,0.3109131,True
68,(3.5, 0.0, 1.4),True,55.32932,0.4666138,True
69,(-0.7, 0.0, 2.8),False,0,0,False
70,(-1.4, 0.0, 0.7),True,56.8063,0.3221436,True
71,(2.8, 0.0, 2.1),False,0,0,False
72,(0.7, 0.0, 3.5),False,0,0,False
73,(-2.1, 0.0, 1.4),True,59.22733,0.4108887,True
74,(-1.4, 0.0, 0.7),True,60.01584,0.4331055,True
75,(0.7, 0.0, 1.4),True,61.01535,0.4886475,True
76,(-2.8, 0.0, -2.1),False,0,0,False
77,(2.1, 0.0, 1.4),False,0,0,False
78,(1.4, 0.0, 0.7),False,0,0,False
79,(-0.7, 0.0, -1.4),True,64.08054,0.37677,True
80,(1.4, 0.0, 3.5),False,0,0,False
81,(-2.1, 0.0, -1.4),True,65.82419,0.2887573,True
82,(1.4, 0.0, -2.1),True,66.75735,0.3890381,True
83,(-0.7, 0.0, -0.7),True,67.52335,0.4219971,True
84,(-0.7, 0.0, 1.4),True,68.5784,0.4663696,True
85,(2.1, 0.0, 1.4),False,0,0,False
86,(-2.8, 0.0, -0.7),True,69.62302,0.1661987,True
87,(0.7, 0.0, -3.5),False,0,0,False
88,(-3.5, 0.0, 1.4),False,0,0,False
89,(-0.7, 0.0, -2.8),False,0,0,False
90,(0.7, 0.0, -0.7),False,0,0,False
91,(3.5, 0.0, -0.7),True,73.82114,0.05633545,True
92,(-2.1, 0.0, -2.8),False,0,0,False
93,(-3.5, 0.0, -1.4),False,0,0,False
94,(2.8, 0.0, -2.1),False,0,0,False
95,(1.4, 0.0, -3.5),False,0,0,False
96,(0.7, 0.0, 3.5),False,0,0,False
97,(1.4, 0.0, -0.7),True,79.09573,0.4221802,False
98,(-2.8, 0.0, -0.7),False,0,0,False
99,(1.4, 0.0, 0.7),True,80.59518,0.3555908,False
100,(-3.5, 0.0, 0.7),False,0,0,False
101,(-0.7, 0.0, 2.8),False,0,0,False
102,(2.1, 0.0, -2.8),False,0,0,False
103,(3.5, 0.0, -0.7),False,0,0,False
104,(-3.5, 0.0, -1.4),False,0,0,False
105,(3.5, 0.0, -1.4),False,0,0,False
106,(-0.7, 0.0, -3.5),False,0,0,False
107,(2.1, 0.0, -1.4),True,86.79221,0.3557129,True
108,(-2.8, 0.0, 0.7),True,87.8248,0.4331665,False
109,(-0.7, 0.0, 3.5),False,0,0,False
110,(-1.4, 0.0, -3.5),False,0,0,False
111,(0.7, 0.0, 2.8),False,0,0,False
112,(-0.7, 0.0, -0.7),True,91.01236,0.388855,False
113,(-2.8, 0.0, -0.7),False,0,0,False
114,(2.8, 0.0, 2.1),False,0,0,False
115,(1.4, 0.0, 2.1),False,0,0,False
116,(-0.7, 0.0, 1.4),True,94.47733,0.3666992,True
117,(-2.8, 0.0, 2.1),False,0,0,False
118,(2.1, 0.0, -2.8),False,0,0,False
119,(-0.7, 0.0, -2.8),False,0,0,False
120,(-1.4, 0.0, -0.7),False,0,0,False
121,(2.1, 0.0, -1.4),False,0,0,False
122,(-0.7, 0.0, 0.7),False,0,0,False
123,(0.7, 0.0, 3.5),True,100.3633,0.2998657,True
124,(0.7, 0.0, -2.8),False,0,0,False
125,(-0.7, 0.0, -2.8),True,102.2069,0.4664307,True
126,(-0.7, 0.0, -3.5),False,0,0,False
127,(-0.7, 0.0, -1.4),False,0,0,False
128,(0.7, 0.0, 0.7),False,0,0,False
129,(-1.4, 0.0, 0.7),False,0,0,False
130,(-3.5, 0.0, 0.7),False,0,0,False
131,(1.4, 0.0, -3.5),False,0,0,False
132,(3.5, 0.0, 0.7),True,107.6933,0.04455566,True
133,(0.7, 0.0, 0.7),True,109.1369,0.4776001,True
134,(-3.5, 0.0, 1.4),False,0,0,False
135,(1.4, 0.0, 3.5),False,0,0,False
136,(0.7, 0.0, 1.4),True,111.3359,0.333313,True
137,(-2.8, 0.0, 0.7),True,112.0801,0.4331055,True
138,(-1.4, 0.0, 2.1),False,0,0,False
139,(-1.4, 0.0, -3.5),True,113.335,0.0112915,True
140,(2.1, 0.0, 2.8),True,114.8341,0.4995117,True
141,(-2.8, 0.0, 2.1),False,0,0,False
142,(-0.7, 0.0, 3.5),True,116.2448,0.388855,False
143,(1.4, 0.0, 2.1),False,0,0,False
144,(-2.8, 0.0, 0.7),False,0,0,False
145,(-2.1, 0.0, -1.4),False,0,0,False
146,(1.4, 0.0, 2.1),False,0,0,False
147,(-3.5, 0.0, -0.7),False,0,0,False
148,(-1.4, 0.0, 2.1),True,121.2089,0.4776001,True
149,(-2.8, 0.0, -2.1),False,0,0,False
150,(-0.7, 0.0, -1.4),False,0,0,False
151,(1.4, 0.0, -3.5),False,0,0,False
152,(2.8, 0.0, -2.1),False,0,0,False
153,(0.7, 0.0, -0.7),False,0,0,False
154,(-3.5, 0.0, -0.7),False,0,0,False
155,(-2.1, 0.0, -2.8),False,0,0,False
