452.7122
0,(2.8, 0.0, -0.7),False,0,0,False
1,(2.8, 0.0, 2.1),True,1.177124,0.4997864,True
2,(0.7, 0.0, -1.4),True,1.843475,0.3886108,True
3,(0.7, 0.0, -3.5),True,2.576416,0.4663391,True
4,(0.7, 0.0, -1.4),True,3.409393,0.2997742,True
5,(3.5, 0.0, 0.7),True,4.342255,0.3664856,True
6,(1.4, 0.0, 3.5),False,0,0,False
7,(2.8, 0.0, 0.7),True,6.085968,0.2998657,True
8,(0.7, 0.0, 1.4),True,7.074554,0.4222412,False
9,(0.7, 0.0, 2.8),False,0,0,False
10,(-0.7, 0.0, 0.7),True,8.184937,0.03329468,True
11,(-0.7, 0.0, 3.5),True,8.963562,0.07888794,True
12,(-0.7, 0.0, -3.5),False,0,0,False
13,(-0.7, 0.0, 0.7),False,0,0,False
14,(1.4, 0.0, -0.7),True,11.94977,0.3442688,True
15,(-1.4, 0.0, -2.1),True,12.68283,0.3554382,True
16,(0.7, 0.0, 2.8),False,0,0,False
17,(-0.7, 0.0, -0.7),True,14.2709,0.4552612,True
18,(-2.1, 0.0, -1.4),True,15.15936,0.3331299,True
19,(-1.4, 0.0, -0.7),True,16.04782,0.3109436,True
20,(3.5, 0.0, -0.7),True,16.97,0.4224243,True
21,(-2.1, 0.0, -2.8),True,17.6915,0.3776245,True
22,(-2.1, 0.0, 2.8),True,18.59106,0.322113,True
23,(-1.4, 0.0, 3.5),False,0,0,False
24,(-1.4, 0.0, -2.1),True,20.09033,0.2887268,True
25,(-2.1, 0.0, 2.8),False,0,0,False
26,(2.1, 0.0, 2.8),False,0,0,False
27,(2.1, 0.0, -1.4),True,22.70016,0.3330688,True
28,(-1.4, 0.0, -3.5),True,23.4332,0.377594,True
29,(1.4, 0.0, 0.7),True,24.19949,0.4775696,True
30,(2.1, 0.0, -2.8),True,24.91034,0.4108887,True
31,(3.5, 0.0, -1.4),False,0,0,False
32,(-1.4, 0.0, -2.1),True,26.13342,0.06814575,True
33,(-2.1, 0.0, 1.4),False,0,0,False
34,(3.5, 0.0, 0.7),False,0,0,False
35,(2.8, 0.0, -0.7),False,0,0,False
36,(-2.8, 0.0, -2.1),False,0,0,False
37,(0.7, 0.0, -2.8),True,30.13004,0.07778931,True
38,(2.8, 0.0, -0.7),True,30.75211,0.0776062,True
39,(-1.4, 0.0, 3.5),False,0,0,False
40,(0.7, 0.0, 0.7),False,0,0,False
41,(-3.5, 0.0, 1.4),False,0,0,False
42,(3.5, 0.0, 1.4),False,0,0,False
43,(-2.8, 0.0, 2.1),True,35.24985,0.3554077,True
44,(-3.5, 0.0, 0.7),True,36.12714,0.4886169,True
45,(1.4, 0.0, -0.7),True,36.78241,0.4997559,True
46,(-0.7, 0.0, 2.8),False,0,0,False
47,(2.1, 0.0, 2.8),False,0,0,False
48,(3.5, 0.0, -1.4),True,38.41516,0.02243042,True
49,(0.7, 0.0, -2.8),True,39.41443,0.155426,True
50,(-1.4, 0.0, -0.7),True,40.51407,0.27771,False
51,(1.4, 0.0, -2.1),True,41.336,0.4777222,False
52,(-3.5, 0.0, -1.4),False,0,0,False
53,(2.8, 0.0, 0.7),False,0,0,False
54,(-1.4, 0.0, 2.1),True,44.2233,0.4996643,True
55,(2.8, 0.0, -2.1),True,44.96759,0.3445129,True
56,(1.4, 0.0, -2.1),True,45.84473,0.3108826,False
57,(-1.4, 0.0, 3.5),True,46.95538,0.4664917,True
58,(0.7, 0.0, -3.5),True,47.57724,0.4663086,True
59,(-2.1, 0.0, 1.4),True,48.28802,0.3885193,True
60,(-0.7, 0.0, 1.4),True,49.13229,0.3446045,True
61,(0.7, 0.0, -0.7),True,49.9653,0.289093,True
62,(-3.5, 0.0, -0.7),True,50.87564,0.3887024,True
63,(3.5, 0.0, 1.4),False,0,0,False
64,(2.1, 0.0, 1.4),True,52.49713,0.4442749,True
65,(-2.1, 0.0, 2.8),True,53.43005,0.3998108,True
66,(2.8, 0.0, 0.7),True,54.22968,0.3331909,True
67,(0.7, 0.0, -1.4),True,55.11807,0.333252,True
68,(3.5, 0.0, 1.4),False,0,0,False
69,(-0.7, 0.0, 2.8),True,56.43973,0.3443909,True
70,(-1.4, 0.0, 0.7),True,57.28375,0.4220581,True
71,(2.8, 0.0, 2.1),True,58.02786,0.4997559,True
72,(0.7, 0.0, 3.5),False,0,0,False
73,(-2.1, 0.0, 1.4),True,58.93887,0.02258301,True
74,(-1.4, 0.0, 0.7),True,60.14911,0.2775879,True
75,(0.7, 0.0, 1.4),True,60.92661,0.333313,True
76,(-2.8, 0.0, -2.1),True,61.80383,0.4220276,False
77,(2.1, 0.0, 1.4),True,62.63678,0.4886169,True
78,(1.4, 0.0, 0.7),False,0,0,False
79,(-0.7, 0.0, -1.4),True,63.89166,0.4551697,True
80,(1.4, 0.0, 3.5),False,0,0,False
81,(-2.1, 0.0, -1.4),True,65.66858,0.4107971,True
82,(1.4, 0.0, -2.1),True,66.43494,0.3329468,True
83,(-0.7, 0.0, -0.7),True,67.37885,0.3330078,True
84,(-0.7, 0.0, 1.4),True,68.14526,0.3441467,True
85,(2.1, 0.0, 1.4),False,0,0,False
86,(-2.8, 0.0, -0.7),True,69.84436,0.3775635,True
87,(0.7, 0.0, -3.5),True,70.61072,0.4110107,False
88,(-3.5, 0.0, 1.4),False,0,0,False
89,(-0.7, 0.0, -2.8),True,72.06552,0.3773499,True
90,(0.7, 0.0, -0.7),True,72.70972,0.3996887,True
91,(3.5, 0.0, -0.7),False,0,0,False
92,(-2.1, 0.0, -2.8),True,74.48672,0.3777466,True
93,(-3.5, 0.0, -1.4),False,0,0,False
94,(2.8, 0.0, -2.1),False,0,0,False
95,(1.4, 0.0, -3.5),False,0,0,False
96,(0.7, 0.0, 3.5),True,77.55191,0.1887512,True
97,(1.4, 0.0, -0.7),False,0,0,False
98,(-2.8, 0.0, -0.7),False,0,0,False
99,(1.4, 0.0, 0.7),False,0,0,False
100,(-3.5, 0.0, 0.7),False,0,0,False
101,(-0.7, 0.0, 2.8),True,81.72763,0.5108643,True
102,(2.1, 0.0, -2.8),False,0,0,False
103,(3.5, 0.0, -0.7),False,0,0,False
104,(-3.5, 0.0, -1.4),False,0,0,False
105,(3.5, 0.0, -1.4),False,0,0,False
106,(-0.7, 0.0, -3.5),True,85.61499,0.3881226,True
107,(2.1, 0.0, -1.4),True,86.25882,0.3443298,True
108,(-2.8, 0.0, 0.7),True,87.06946,0.4328308,True
109,(-0.7, 0.0, 3.5),True,87.99188,0.4003296,True
110,(-1.4, 0.0, -3.5),True,88.802,0.4552612,True
111,(0.7, 0.0, 2.8),True,89.64609,0.4220276,True
112,(-0.7, 0.0, -0.7),True,90.61227,0.4776001,True
113,(-2.8, 0.0, -0.7),False,0,0,False
114,(2.8, 0.0, 2.1),False,0,0,False
115,(1.4, 0.0, 2.1),True,92.60016,0.08886719,True
116,(-0.7, 0.0, 1.4),True,93.522,0.2218628,True
117,(-2.8, 0.0, 2.1),True,94.35498,0.3773193,True
118,(2.1, 0.0, -2.8),True,95.2998,0.4117432,False
119,(-0.7, 0.0, -2.8),False,0,0,False
120,(-1.4, 0.0, -0.7),True,96.9982,0.4665833,True
121,(2.1, 0.0, -1.4),True,97.8866,0.3998413,True
122,(-0.7, 0.0, 0.7),True,98.79755,0.3002319,True
123,(0.7, 0.0, 3.5),False,0,0,False
124,(0.7, 0.0, -2.8),True,100.0638,0.2782288,True
125,(-0.7, 0.0, -2.8),True,101.1073,0.3553467,True
126,(-0.7, 0.0, -3.5),True,101.8626,0.3443298,True
127,(-0.7, 0.0, -1.4),True,102.6843,0.5100098,True
128,(0.7, 0.0, 0.7),False,0,0,False
129,(-1.4, 0.0, 0.7),False,0,0,False
130,(-3.5, 0.0, 0.7),False,0,0,False
131,(1.4, 0.0, -3.5),True,105.5274,0.1222229,True
132,(3.5, 0.0, 0.7),False,0,0,False
133,(0.7, 0.0, 0.7),True,107.5264,0.4553528,True
134,(-3.5, 0.0, 1.4),False,0,0,False
135,(1.4, 0.0, 3.5),False,0,0,False
136,(0.7, 0.0, 1.4),True,109.992,0.3660278,True
137,(-2.8, 0.0, 0.7),True,110.9359,0.3998108,True
138,(-1.4, 0.0, 2.1),True,111.9021,0.4887085,True
139,(-1.4, 0.0, -3.5),False,0,0,False
140,(2.1, 0.0, 2.8),False,0,0,False
141,(-2.8, 0.0, 2.1),True,114.5009,0.4885864,True
142,(-0.7, 0.0, 3.5),False,0,0,False
143,(1.4, 0.0, 2.1),True,115.978,0.322052,True
144,(-2.8, 0.0, 0.7),True,116.8554,0.4111633,True
145,(-2.1, 0.0, -1.4),True,117.6772,0.3441772,True
146,(1.4, 0.0, 2.1),True,118.6545,0.4109497,True
147,(-3.5, 0.0, -0.7),False,0,0,False
148,(-1.4, 0.0, 2.1),True,120.2204,0.3997803,True
149,(-2.8, 0.0, -2.1),True,121.1756,0.4555054,True
150,(-0.7, 0.0, -1.4),True,121.9196,0.4109802,False
151,(1.4, 0.0, -3.5),True,122.9858,0.4777832,False
152,(2.8, 0.0, -2.1),False,0,0,False
153,(0.7, 0.0, -0.7),True,124.2851,0.477478,False
154,(-3.5, 0.0, -0.7),False,0,0,False
155,(-2.1, 0.0, -2.8),True,125.6511,0.1998596,True
