567.1184
0,(2.8, 0.0, -0.7),True,0.5071411,0.5071411,True
1,(2.8, 0.0, 2.1),True,1.2771,0.5107727,True
2,(0.7, 0.0, -1.4),True,2.254639,0.5111389,True
3,(0.7, 0.0, -3.5),True,3.220703,0.5108643,True
4,(0.7, 0.0, -1.4),True,4.175812,0.5109558,True
5,(3.5, 0.0, 0.7),True,5.153229,0.5110168,True
6,(1.4, 0.0, 3.5),True,5.797241,0.5107117,True
7,(2.8, 0.0, 0.7),True,6.774414,0.5108337,True
8,(0.7, 0.0, 1.4),True,7.596375,0.5109558,True
9,(0.7, 0.0, 2.8),True,8.262604,0.5097351,True
10,(-0.7, 0.0, 0.7),True,9.028931,0.5106506,True
11,(-0.7, 0.0, 3.5),True,10.00641,0.5110168,True
12,(-0.7, 0.0, -3.5),True,10.93924,0.5109253,True
13,(-0.7, 0.0, 0.7),True,11.90555,0.5109558,True
14,(1.4, 0.0, -0.7),True,12.61627,0.5107117,True
15,(-1.4, 0.0, -2.1),True,13.51578,0.5108337,True
16,(0.7, 0.0, 2.8),True,14.47089,0.5108643,True
17,(-0.7, 0.0, -0.7),True,15.13712,0.5105591,True
18,(-2.1, 0.0, -1.4),True,16.0368,0.5108337,True
19,(-1.4, 0.0, -0.7),True,16.84753,0.5109253,True
20,(3.5, 0.0, -0.7),True,17.49255,0.5007019,True
21,(-2.1, 0.0, -2.8),True,18.48035,0.5000916,True
22,(-2.1, 0.0, 2.8),True,19.15762,0.5101624,True
23,(-1.4, 0.0, 3.5),True,19.82394,0.5109253,True
24,(-1.4, 0.0, -2.1),True,20.55713,0.5000305,True
25,(-2.1, 0.0, 2.8),True,21.26758,0.5106506,True
26,(2.1, 0.0, 2.8),True,22.0116,0.5105591,True
27,(2.1, 0.0, -1.4),True,22.96674,0.5108032,True
28,(-1.4, 0.0, -3.5),True,23.74426,0.510498,True
29,(1.4, 0.0, 0.7),True,24.71042,0.5107727,True
30,(2.1, 0.0, -2.8),True,25.36563,0.5102844,False
31,(3.5, 0.0, -1.4),True,26.14294,0.5106201,True
32,(-1.4, 0.0, -2.1),True,26.87622,0.5109558,False
33,(-2.1, 0.0, 1.4),True,27.62012,0.5107117,True
34,(3.5, 0.0, 0.7),True,28.43103,0.5109863,True
35,(2.8, 0.0, -0.7),True,29.43045,0.5109253,False
36,(-2.8, 0.0, -2.1),True,30.07449,0.5106812,True
37,(0.7, 0.0, -2.8),True,30.70844,0.5118103,True
38,(2.8, 0.0, -0.7),True,31.41827,0.5109253,True
39,(-1.4, 0.0, 3.5),True,32.08472,0.5108337,False
40,(0.7, 0.0, 0.7),True,32.76215,0.5109558,True
41,(-3.5, 0.0, 1.4),True,33.77277,0.5108948,True
42,(3.5, 0.0, 1.4),True,34.70563,0.5108032,False
43,(-2.8, 0.0, 2.1),True,35.3396,0.5109863,True
44,(-3.5, 0.0, 0.7),True,36.1716,0.5109863,True
45,(1.4, 0.0, -0.7),True,37.12671,0.5108337,True
46,(-0.7, 0.0, 2.8),True,37.84854,0.5107422,True
47,(2.1, 0.0, 2.8),True,38.54825,0.5108643,True
48,(3.5, 0.0, -1.4),True,39.21451,0.5099487,True
49,(0.7, 0.0, -2.8),True,39.93671,0.5111694,True
50,(-1.4, 0.0, -0.7),True,40.92496,0.5110168,True
51,(1.4, 0.0, -2.1),True,41.54681,0.5101318,True
52,(-3.5, 0.0, -1.4),True,42.302,0.5108032,True
53,(2.8, 0.0, 0.7),True,43.24597,0.5106506,True
54,(-1.4, 0.0, 2.1),True,44.23441,0.510498,True
55,(2.8, 0.0, -2.1),True,44.95636,0.5108643,True
56,(1.4, 0.0, -2.1),True,45.63379,0.5106201,False
57,(-1.4, 0.0, 3.5),True,46.4888,0.5106812,False
58,(0.7, 0.0, -3.5),True,47.17743,0.5109558,True
59,(-2.1, 0.0, 1.4),True,48.16592,0.5109253,True
60,(-0.7, 0.0, 1.4),True,49.17639,0.5106201,True
61,(0.7, 0.0, -0.7),True,50.065,0.5108948,True
62,(-3.5, 0.0, -0.7),True,50.97586,0.5000916,True
63,(3.5, 0.0, 1.4),True,51.75317,0.5109863,True
64,(2.1, 0.0, 1.4),True,52.54153,0.5107117,True
65,(-2.1, 0.0, 2.8),True,53.3634,0.5109253,True
66,(2.8, 0.0, 0.7),True,53.9964,0.5101624,False
67,(0.7, 0.0, -1.4),True,54.76279,0.5109863,True
68,(3.5, 0.0, 1.4),True,55.49588,0.5109558,True
69,(-0.7, 0.0, 2.8),True,56.43973,0.5106812,True
70,(-1.4, 0.0, 0.7),True,57.08377,0.5105591,True
71,(2.8, 0.0, 2.1),True,57.88358,0.5110779,True
72,(0.7, 0.0, 3.5),True,58.80551,0.5111694,True
73,(-2.1, 0.0, 1.4),True,59.67139,0.5107422,True
74,(-1.4, 0.0, 0.7),True,60.58221,0.5107422,True
75,(0.7, 0.0, 1.4),True,61.54868,0.5110168,True
76,(-2.8, 0.0, -2.1),True,62.24805,0.5108643,True
77,(2.1, 0.0, 1.4),True,63.20319,0.5109253,True
78,(1.4, 0.0, 0.7),True,63.83612,0.5108643,True
79,(-0.7, 0.0, -1.4),True,64.6582,0.5110779,True
80,(1.4, 0.0, 3.5),True,65.35773,0.5108032,True
81,(-2.1, 0.0, -1.4),True,66.02396,0.5108643,True
82,(1.4, 0.0, -2.1),True,66.89026,0.5108948,True
83,(-0.7, 0.0, -0.7),True,67.63428,0.5109253,True
84,(-0.7, 0.0, 1.4),True,68.26733,0.5107422,True
85,(2.1, 0.0, 1.4),True,69.13403,0.5002441,True
86,(-2.8, 0.0, -0.7),True,69.91104,0.5106506,True
87,(0.7, 0.0, -3.5),True,70.56635,0.5108948,True
88,(-3.5, 0.0, 1.4),True,71.51117,0.5004272,True
89,(-0.7, 0.0, -2.8),True,72.22107,0.5108643,True
90,(0.7, 0.0, -0.7),True,73.13171,0.5108643,True
91,(3.5, 0.0, -0.7),True,73.93127,0.5108643,True
92,(-2.1, 0.0, -2.8),True,74.77545,0.5108643,True
93,(-3.5, 0.0, -1.4),True,75.51941,0.5108032,True
94,(2.8, 0.0, -2.1),True,76.19696,0.5108643,True
95,(1.4, 0.0, -3.5),True,76.91882,0.5103149,True
96,(0.7, 0.0, 3.5),True,77.55206,0.5109863,True
97,(1.4, 0.0, -0.7),True,78.49603,0.500061,True
98,(-2.8, 0.0, -0.7),True,79.15131,0.5111084,True
99,(1.4, 0.0, 0.7),True,79.84021,0.5003662,True
100,(-3.5, 0.0, 0.7),True,80.81696,0.5109253,True
101,(-0.7, 0.0, 2.8),True,81.56097,0.5107422,False
102,(2.1, 0.0, -2.8),True,82.18286,0.5108643,False
103,(3.5, 0.0, -0.7),True,82.8382,0.5094604,True
104,(-3.5, 0.0, -1.4),True,83.78235,0.5111694,False
105,(3.5, 0.0, -1.4),True,84.44861,0.5107422,True
106,(-0.7, 0.0, -3.5),True,85.10382,0.5108032,True
107,(2.1, 0.0, -1.4),True,86.03656,0.5107422,True
108,(-2.8, 0.0, 0.7),True,86.89197,0.5110474,True
109,(-0.7, 0.0, 3.5),True,87.836,0.5111084,True
110,(-1.4, 0.0, -3.5),True,88.52435,0.5107422,True
111,(0.7, 0.0, 2.8),True,89.49054,0.5108643,True
112,(-0.7, 0.0, -0.7),True,90.2569,0.5108643,False
113,(-2.8, 0.0, -0.7),True,90.9787,0.5107422,False
114,(2.8, 0.0, 2.1),True,91.84503,0.5108643,True
115,(1.4, 0.0, 2.1),True,92.75562,0.5108032,True
116,(-0.7, 0.0, 1.4),True,93.6886,0.5108643,True
117,(-2.8, 0.0, 2.1),True,94.33264,0.5108032,False
118,(2.1, 0.0, -2.8),True,95.03241,0.5108643,True
119,(-0.7, 0.0, -2.8),True,95.87653,0.5110474,True
120,(-1.4, 0.0, -0.7),True,96.5318,0.5109863,False
121,(2.1, 0.0, -1.4),True,97.17578,0.5109253,True
122,(-0.7, 0.0, 0.7),True,98.16418,0.5109253,True
123,(0.7, 0.0, 3.5),True,99.00873,0.5111694,True
124,(0.7, 0.0, -2.8),True,99.78577,0.5109863,False
125,(-0.7, 0.0, -2.8),True,100.7186,0.5108643,True
126,(-0.7, 0.0, -3.5),True,101.5515,0.5108032,True
127,(-0.7, 0.0, -1.4),True,102.2512,0.5109253,True
128,(0.7, 0.0, 0.7),True,103.0621,0.5109863,True
129,(-1.4, 0.0, 0.7),True,103.7505,0.5102539,True
130,(-3.5, 0.0, 0.7),True,104.5167,0.5108643,True
131,(1.4, 0.0, -3.5),True,105.4941,0.5109253,True
132,(3.5, 0.0, 0.7),True,106.2271,0.5109253,True
133,(0.7, 0.0, 0.7),True,106.949,0.5109863,True
134,(-3.5, 0.0, 1.4),True,107.8929,0.5108643,True
135,(1.4, 0.0, 3.5),True,108.7927,0.5111694,True
136,(0.7, 0.0, 1.4),True,109.4703,0.500061,True
137,(-2.8, 0.0, 0.7),True,110.4584,0.5109253,True
138,(-1.4, 0.0, 2.1),True,111.2135,0.5108032,True
139,(-1.4, 0.0, -3.5),True,112.2131,0.5108643,False
140,(2.1, 0.0, 2.8),True,113.0683,0.5109253,True
141,(-2.8, 0.0, 2.1),True,113.9678,0.5109863,True
142,(-0.7, 0.0, 3.5),True,114.9117,0.5108032,True
143,(1.4, 0.0, 2.1),True,115.7225,0.5108032,False
144,(-2.8, 0.0, 0.7),True,116.6445,0.5109863,True
145,(-2.1, 0.0, -1.4),True,117.6438,0.5108643,False
146,(1.4, 0.0, 2.1),True,118.3879,0.5106201,True
147,(-3.5, 0.0, -0.7),True,119.1209,0.510437,True
148,(-1.4, 0.0, 2.1),True,119.8094,0.5108643,True
149,(-2.8, 0.0, -2.1),True,120.6317,0.5001831,True
150,(-0.7, 0.0, -1.4),True,121.3976,0.5109253,True
151,(1.4, 0.0, -3.5),True,122.0308,0.5106201,True
152,(2.8, 0.0, -2.1),True,122.6969,0.510498,True
153,(0.7, 0.0, -0.7),True,123.4078,0.5109863,True
154,(-3.5, 0.0, -0.7),True,124.1518,0.5108643,True
155,(-2.1, 0.0, -2.8),True,124.8625,0.5107422,True
