289.9829
0,(2.8, 0.0, -0.7),True,0.5069885,0.5069885,False
1,(2.8, 0.0, 2.1),True,1.38826,0.5110321,True
2,(0.7, 0.0, -1.4),True,2.121246,0.5110474,True
3,(0.7, 0.0, -3.5),True,2.920959,0.5111542,True
4,(0.7, 0.0, -1.4),True,3.620407,0.5105438,True
5,(3.5, 0.0, 0.7),True,4.531097,0.510788,True
6,(1.4, 0.0, 3.5),True,5.49733,0.510849,True
7,(2.8, 0.0, 0.7),True,6.285828,0.5108948,True
8,(0.7, 0.0, 1.4),True,6.941208,0.5110016,True
9,(0.7, 0.0, 2.8),True,7.940643,0.5107727,True
10,(-0.7, 0.0, 0.7),True,8.940155,0.5108643,True
11,(-0.7, 0.0, 3.5),True,9.762268,0.5111694,True
12,(-0.7, 0.0, -3.5),True,10.45055,0.5105896,False
13,(-0.7, 0.0, 0.7),True,11.12813,0.5109711,False
14,(1.4, 0.0, -0.7),True,11.92766,0.5107269,True
15,(-1.4, 0.0, -2.1),True,12.72723,0.5108643,True
16,(0.7, 0.0, 2.8),True,13.5601,0.51091,True
17,(-0.7, 0.0, -0.7),True,14.27124,0.5111694,True
18,(-2.1, 0.0, -1.4),True,14.90395,0.5108337,True
19,(-1.4, 0.0, -0.7),True,15.88182,0.5003967,True
20,(3.5, 0.0, -0.7),True,16.84743,0.5107269,True
21,(-2.1, 0.0, -2.8),True,17.53618,0.5110016,True
22,(-2.1, 0.0, 2.8),True,18.34671,0.5105286,True
23,(-1.4, 0.0, 3.5),True,19.29076,0.5106506,True
24,(-1.4, 0.0, -2.1),True,20.01262,0.5108948,True
25,(-2.1, 0.0, 2.8),True,20.64606,0.5111694,True
26,(2.1, 0.0, 2.8),True,21.52321,0.5110474,True
27,(2.1, 0.0, -1.4),True,22.35612,0.5109406,True
28,(-1.4, 0.0, -3.5),True,23.16676,0.5109253,True
29,(1.4, 0.0, 0.7),True,24.11066,0.5107269,True
30,(2.1, 0.0, -2.8),True,24.91025,0.5108032,True
31,(3.5, 0.0, -1.4),True,25.79889,0.51091,False
32,(-1.4, 0.0, -2.1),True,26.73164,0.5108185,True
33,(-2.1, 0.0, 1.4),True,27.55347,0.510849,True
34,(3.5, 0.0, 0.7),True,28.31984,0.5108337,True
35,(2.8, 0.0, -0.7),True,29.13057,0.5104675,True
36,(-2.8, 0.0, -2.1),True,29.79689,0.5106812,True
37,(0.7, 0.0, -2.8),True,30.6964,0.5108337,True
38,(2.8, 0.0, -0.7),True,31.47382,0.5107574,True
39,(-1.4, 0.0, 3.5),True,32.28471,0.5109863,False
40,(0.7, 0.0, 0.7),True,33.17303,0.5108337,True
41,(-3.5, 0.0, 1.4),True,33.91714,0.5106049,True
42,(3.5, 0.0, 1.4),True,34.92818,0.5112457,True
43,(-2.8, 0.0, 2.1),True,35.86063,0.5108337,True
44,(-3.5, 0.0, 0.7),True,36.70467,0.5104065,True
45,(1.4, 0.0, -0.7),True,37.47087,0.5107422,True
46,(-0.7, 0.0, 2.8),True,38.1929,0.5106506,True
47,(2.1, 0.0, 2.8),True,39.18124,0.5108337,True
48,(3.5, 0.0, -1.4),True,39.85878,0.5108643,True
49,(0.7, 0.0, -2.8),True,40.53613,0.5108032,True
50,(-1.4, 0.0, -0.7),True,41.48033,0.5109863,False
51,(1.4, 0.0, -2.1),True,42.15767,0.5109558,True
52,(-3.5, 0.0, -1.4),True,42.90179,0.5108032,True
53,(2.8, 0.0, 0.7),True,43.71245,0.5109406,True
54,(-1.4, 0.0, 2.1),True,44.40094,0.5107269,True
55,(2.8, 0.0, -2.1),True,45.40056,0.5107422,True
56,(1.4, 0.0, -2.1),True,46.11148,0.5110779,True
57,(-1.4, 0.0, 3.5),True,46.92255,0.5002899,True
58,(0.7, 0.0, -3.5),True,47.69952,0.5109558,True
59,(-2.1, 0.0, 1.4),True,48.57686,0.51091,True
60,(-0.7, 0.0, 1.4),True,49.24318,0.5109253,True
61,(0.7, 0.0, -0.7),True,49.88737,0.5108643,True
62,(-3.5, 0.0, -0.7),True,50.54257,0.5106659,True
63,(3.5, 0.0, 1.4),True,51.53088,0.5108643,False
64,(2.1, 0.0, 1.4),True,52.51956,0.5110474,True
65,(-2.1, 0.0, 2.8),True,53.18588,0.5106201,True
66,(2.8, 0.0, 0.7),True,54.15201,0.5110321,True
67,(0.7, 0.0, -1.4),True,54.78496,0.5108643,True
68,(3.5, 0.0, 1.4),True,55.75121,0.5108643,True
69,(-0.7, 0.0, 2.8),True,56.58434,0.5109711,True
70,(-1.4, 0.0, 0.7),True,57.58376,0.5110321,True
71,(2.8, 0.0, 2.1),True,58.21663,0.5108643,True
72,(0.7, 0.0, 3.5),True,58.94962,0.510849,True
73,(-2.1, 0.0, 1.4),True,59.73822,0.5109558,True
74,(-1.4, 0.0, 0.7),True,60.50446,0.510788,True
75,(0.7, 0.0, 1.4),True,61.30414,0.5110168,True
76,(-2.8, 0.0, -2.1),True,62.20367,0.5106964,True
77,(2.1, 0.0, 1.4),True,63.14764,0.510788,True
78,(1.4, 0.0, 0.7),True,63.80289,0.510788,False
79,(-0.7, 0.0, -1.4),True,64.54713,0.5109863,True
80,(1.4, 0.0, 3.5),True,65.27998,0.5108795,True
81,(-2.1, 0.0, -1.4),True,65.92416,0.5108337,True
82,(1.4, 0.0, -2.1),True,66.77937,0.5109711,True
83,(-0.7, 0.0, -0.7),True,67.68985,0.5106659,True
84,(-0.7, 0.0, 1.4),True,68.68959,0.5109406,True
85,(2.1, 0.0, 1.4),True,69.42238,0.5108337,True
86,(-2.8, 0.0, -0.7),True,70.36635,0.5107269,True
87,(0.7, 0.0, -3.5),True,70.98836,0.5107269,True
88,(-3.5, 0.0, 1.4),True,71.96565,0.5108948,True
89,(-0.7, 0.0, -2.8),True,72.83192,0.510849,True
90,(0.7, 0.0, -0.7),True,73.47609,0.5107727,True
91,(3.5, 0.0, -0.7),True,74.10912,0.5108643,True
92,(-2.1, 0.0, -2.8),True,74.89767,0.5108643,True
93,(-3.5, 0.0, -1.4),True,75.73067,0.5106201,True
94,(2.8, 0.0, -2.1),True,76.58578,0.5110016,True
95,(1.4, 0.0, -3.5),True,77.59633,0.5099945,True
96,(0.7, 0.0, 3.5),True,78.32953,0.5111084,False
97,(1.4, 0.0, -0.7),True,79.13997,0.5108185,True
98,(-2.8, 0.0, -0.7),True,79.83969,0.5108948,True
99,(1.4, 0.0, 0.7),True,80.81723,0.5000458,True
100,(-3.5, 0.0, 0.7),True,81.77223,0.5109863,True
101,(-0.7, 0.0, 2.8),True,82.64946,0.5108643,True
102,(2.1, 0.0, -2.8),True,83.61606,0.5110931,True
103,(3.5, 0.0, -0.7),True,84.47086,0.5109253,True
104,(-3.5, 0.0, -1.4),True,85.21513,0.5109253,True
105,(3.5, 0.0, -1.4),True,85.84798,0.5107727,False
106,(-0.7, 0.0, -3.5),True,86.46982,0.5107269,True
107,(2.1, 0.0, -1.4),True,87.36946,0.5109558,True
108,(-2.8, 0.0, 0.7),True,88.36917,0.5111084,True
109,(-0.7, 0.0, 3.5),True,89.11295,0.5106812,True
110,(-1.4, 0.0, -3.5),True,89.81279,0.5109711,True
111,(0.7, 0.0, 2.8),True,90.81224,0.5106049,True
112,(-0.7, 0.0, -0.7),True,91.68953,0.5108185,True
113,(-2.8, 0.0, -0.7),True,92.50035,0.510788,False
114,(2.8, 0.0, 2.1),True,93.32219,0.5109558,True
115,(1.4, 0.0, 2.1),True,93.9774,0.5107422,True
116,(-0.7, 0.0, 1.4),True,94.78819,0.5109253,True
117,(-2.8, 0.0, 2.1),True,95.49904,0.5111084,True
118,(2.1, 0.0, -2.8),True,96.33186,0.5106201,True
119,(-0.7, 0.0, -2.8),True,97.00945,0.5110168,True
120,(-1.4, 0.0, -0.7),True,97.97539,0.5107117,True
121,(2.1, 0.0, -1.4),True,98.73073,0.5109558,True
122,(-0.7, 0.0, 0.7),True,99.47499,0.5111084,True
123,(0.7, 0.0, 3.5),True,100.4631,0.5108643,True
124,(0.7, 0.0, -2.8),True,101.1852,0.5109253,True
125,(-0.7, 0.0, -2.8),True,101.9628,0.5110474,True
126,(-0.7, 0.0, -3.5),True,102.6177,0.5108032,True
127,(-0.7, 0.0, -1.4),True,103.3396,0.5108948,True
128,(0.7, 0.0, 0.7),True,103.9839,0.5110779,True
129,(-1.4, 0.0, 0.7),True,104.6723,0.5108643,True
130,(-3.5, 0.0, 0.7),True,105.2942,0.5100403,True
131,(1.4, 0.0, -3.5),True,105.9827,0.5107117,True
132,(3.5, 0.0, 0.7),True,106.7491,0.5108948,True
133,(0.7, 0.0, 0.7),True,107.3933,0.5109558,True
134,(-3.5, 0.0, 1.4),True,108.2151,0.5109253,True
135,(1.4, 0.0, 3.5),True,108.9924,0.5108948,True
136,(0.7, 0.0, 1.4),True,109.9032,0.5110474,True
137,(-2.8, 0.0, 0.7),True,110.836,0.5107727,True
138,(-1.4, 0.0, 2.1),True,111.6246,0.5110168,True
139,(-1.4, 0.0, -3.5),True,112.3908,0.5108032,False
140,(2.1, 0.0, 2.8),True,113.1684,0.5111084,True
141,(-2.8, 0.0, 2.1),True,114.0901,0.5109863,True
142,(-0.7, 0.0, 3.5),True,114.8342,0.5108032,True
143,(1.4, 0.0, 2.1),True,115.5337,0.5104065,True
144,(-2.8, 0.0, 0.7),True,116.5111,0.5108337,True
145,(-2.1, 0.0, -1.4),True,117.2774,0.5108948,True
146,(1.4, 0.0, 2.1),True,118.1436,0.5107422,False
147,(-3.5, 0.0, -0.7),True,118.7655,0.5108337,True
148,(-1.4, 0.0, 2.1),True,119.6651,0.5107422,True
149,(-2.8, 0.0, -2.1),True,120.6647,0.5108032,False
150,(-0.7, 0.0, -1.4),True,121.6308,0.5107422,False
151,(1.4, 0.0, -3.5),True,122.4419,0.5112,True
152,(2.8, 0.0, -2.1),True,123.3523,0.5108643,True
153,(0.7, 0.0, -0.7),True,124.2741,0.5108032,True
154,(-3.5, 0.0, -0.7),True,125.2402,0.5107422,True
155,(-2.1, 0.0, -2.8),True,126.0955,0.5109253,False
