739.0353
0,(2.8, 0.0, -0.7),True,0.508667,0.508667,False
1,(2.8, 0.0, 2.1),True,1.332581,0.5108032,False
2,(0.7, 0.0, -1.4),True,1.954956,0.5001221,False
3,(0.7, 0.0, -3.5),True,2.720825,0.5108643,False
4,(0.7, 0.0, -1.4),True,3.409424,0.5109253,False
5,(3.5, 0.0, 0.7),True,4.07605,0.5111084,False
6,(1.4, 0.0, 3.5),True,4.930847,0.5108032,False
7,(2.8, 0.0, 0.7),True,5.786011,0.5108032,False
8,(0.7, 0.0, 1.4),True,6.507935,0.5108032,True
9,(0.7, 0.0, 2.8),True,7.41864,0.5106812,True
10,(-0.7, 0.0, 0.7),True,8.096191,0.5109863,False
11,(-0.7, 0.0, 3.5),True,8.895752,0.5106201,False
12,(-0.7, 0.0, -3.5),True,9.673035,0.5107422,True
13,(-0.7, 0.0, 0.7),True,10.6283,0.5109863,False
14,(1.4, 0.0, -0.7),True,11.32776,0.5106201,False
15,(-1.4, 0.0, -2.1),True,12.17194,0.5106812,False
16,(0.7, 0.0, 2.8),True,12.82709,0.5099487,True
17,(-0.7, 0.0, -0.7),True,13.53809,0.5109863,True
18,(-2.1, 0.0, -1.4),True,14.3042,0.5108643,True
19,(-1.4, 0.0, -0.7),True,15.30371,0.5108032,True
20,(3.5, 0.0, -0.7),True,16.12549,0.5107422,True
21,(-2.1, 0.0, -2.8),True,16.8363,0.5108643,True
22,(-2.1, 0.0, 2.8),True,17.79138,0.5107422,True
23,(-1.4, 0.0, 3.5),True,18.43561,0.5101929,True
24,(-1.4, 0.0, -2.1),True,19.36847,0.5106812,True
25,(-2.1, 0.0, 2.8),True,20.36798,0.5109253,True
26,(2.1, 0.0, 2.8),True,21.17889,0.5,True
27,(2.1, 0.0, -1.4),True,22.0896,0.5111084,True
28,(-1.4, 0.0, -3.5),True,22.84454,0.5109253,True
29,(1.4, 0.0, 0.7),True,23.7442,0.5109253,True
30,(2.1, 0.0, -2.8),True,24.39948,0.5109863,True
31,(3.5, 0.0, -1.4),True,25.07684,0.5106201,True
32,(-1.4, 0.0, -2.1),True,25.96539,0.5109863,True
33,(-2.1, 0.0, 1.4),True,26.68726,0.5109253,True
34,(3.5, 0.0, 0.7),True,27.35364,0.5108643,True
35,(2.8, 0.0, -0.7),True,28.29767,0.5108032,True
36,(-2.8, 0.0, -2.1),True,29.1084,0.5105591,True
37,(0.7, 0.0, -2.8),True,29.77472,0.5101318,True
38,(2.8, 0.0, -0.7),True,30.39655,0.5100098,True
39,(-1.4, 0.0, 3.5),True,31.4071,0.5108643,False
40,(0.7, 0.0, 0.7),True,32.04016,0.5108643,True
41,(-3.5, 0.0, 1.4),True,32.87329,0.5109253,False
42,(3.5, 0.0, 1.4),True,33.72827,0.5108643,True
43,(-2.8, 0.0, 2.1),True,34.36133,0.5106812,True
44,(-3.5, 0.0, 0.7),True,35.02765,0.5107422,True
45,(1.4, 0.0, -0.7),True,35.79395,0.5107422,True
46,(-0.7, 0.0, 2.8),True,36.80475,0.5108032,True
47,(2.1, 0.0, 2.8),True,37.51538,0.5108643,True
48,(3.5, 0.0, -1.4),True,38.48163,0.5109253,True
49,(0.7, 0.0, -2.8),True,39.10345,0.5100098,True
50,(-1.4, 0.0, -0.7),True,39.76978,0.5106201,True
51,(1.4, 0.0, -2.1),True,40.73602,0.5108643,True
52,(-3.5, 0.0, -1.4),True,41.42456,0.5106812,False
53,(2.8, 0.0, 0.7),True,42.33527,0.5107422,True
54,(-1.4, 0.0, 2.1),True,43.21283,0.5,True
55,(2.8, 0.0, -2.1),True,44.18994,0.5106812,True
56,(1.4, 0.0, -2.1),True,44.84521,0.5106812,False
57,(-1.4, 0.0, 3.5),True,45.60034,0.5108643,True
58,(0.7, 0.0, -3.5),True,46.4223,0.5107422,True
59,(-2.1, 0.0, 1.4),True,47.33301,0.5108032,False
60,(-0.7, 0.0, 1.4),True,48.13245,0.5108032,True
61,(0.7, 0.0, -0.7),True,49.0766,0.5108643,True
62,(-3.5, 0.0, -0.7),True,49.73181,0.5109253,True
63,(3.5, 0.0, 1.4),True,50.68689,0.5108032,True
64,(2.1, 0.0, 1.4),True,51.46429,0.5108643,True
65,(-2.1, 0.0, 2.8),True,52.29724,0.5108643,True
66,(2.8, 0.0, 0.7),True,53.27454,0.510376,False
67,(0.7, 0.0, -1.4),True,54.08521,0.5108643,False
68,(3.5, 0.0, 1.4),True,54.91852,0.5111084,False
69,(-0.7, 0.0, 2.8),True,55.54016,0.5109253,True
70,(-1.4, 0.0, 0.7),True,56.19525,0.510498,True
71,(2.8, 0.0, 2.1),True,56.89514,0.5109863,True
72,(0.7, 0.0, 3.5),True,57.53925,0.5108643,True
73,(-2.1, 0.0, 1.4),True,58.35004,0.5110474,True
74,(-1.4, 0.0, 0.7),True,59.17163,0.5105591,True
75,(0.7, 0.0, 1.4),True,60.14893,0.5108643,True
76,(-2.8, 0.0, -2.1),True,61.02637,0.5109253,False
77,(2.1, 0.0, 1.4),True,61.65936,0.5101929,True
78,(1.4, 0.0, 0.7),True,62.40344,0.5108032,True
79,(-0.7, 0.0, -1.4),True,63.40302,0.5109863,True
80,(1.4, 0.0, 3.5),True,64.39148,0.5109253,True
81,(-2.1, 0.0, -1.4),True,65.08002,0.5108643,True
82,(1.4, 0.0, -2.1),True,66.06842,0.5109253,True
83,(-0.7, 0.0, -0.7),True,66.71259,0.5108643,True
84,(-0.7, 0.0, 1.4),True,67.49005,0.5109253,True
85,(2.1, 0.0, 1.4),True,68.4895,0.5108032,True
86,(-2.8, 0.0, -0.7),True,69.41144,0.5111084,True
87,(0.7, 0.0, -3.5),True,70.26642,0.5109253,True
88,(-3.5, 0.0, 1.4),True,71.16589,0.5107422,True
89,(-0.7, 0.0, -2.8),True,72.14337,0.5109253,False
90,(0.7, 0.0, -0.7),True,73.02081,0.5109863,True
91,(3.5, 0.0, -0.7),True,73.89789,0.5107422,True
92,(-2.1, 0.0, -2.8),True,74.90851,0.5107422,False
93,(-3.5, 0.0, -1.4),True,75.86377,0.5109253,True
94,(2.8, 0.0, -2.1),True,76.53046,0.5002441,True
95,(1.4, 0.0, -3.5),True,77.25195,0.5108643,True
96,(0.7, 0.0, 3.5),True,78.14069,0.5111084,True
97,(1.4, 0.0, -0.7),True,78.79565,0.5107422,True
98,(-2.8, 0.0, -0.7),True,79.75073,0.5108643,True
99,(1.4, 0.0, 0.7),True,80.45056,0.5109253,True
100,(-3.5, 0.0, 0.7),True,81.42767,0.5103149,True
101,(-0.7, 0.0, 2.8),True,82.32733,0.5108032,True
102,(2.1, 0.0, -2.8),True,83.23798,0.5109253,False
103,(3.5, 0.0, -0.7),True,84.1709,0.5109863,False
104,(-3.5, 0.0, -1.4),True,84.93719,0.5108643,True
105,(3.5, 0.0, -1.4),True,85.69244,0.5109863,False
106,(-0.7, 0.0, -3.5),True,86.34753,0.5108643,False
107,(2.1, 0.0, -1.4),True,87.3139,0.5109253,True
108,(-2.8, 0.0, 0.7),True,87.95795,0.5109253,True
109,(-0.7, 0.0, 3.5),True,88.66888,0.5,True
110,(-1.4, 0.0, -3.5),True,89.59082,0.500061,False
111,(0.7, 0.0, 2.8),True,90.22363,0.5109863,False
112,(-0.7, 0.0, -0.7),True,91.18988,0.5109863,True
113,(-2.8, 0.0, -0.7),True,91.93378,0.5108032,True
114,(2.8, 0.0, 2.1),True,92.76678,0.5108032,True
115,(1.4, 0.0, 2.1),True,93.67743,0.5107422,True
116,(-0.7, 0.0, 1.4),True,94.49933,0.5109863,True
117,(-2.8, 0.0, 2.1),True,95.39905,0.5109863,False
118,(2.1, 0.0, -2.8),True,96.14294,0.5107422,True
119,(-0.7, 0.0, -2.8),True,97.07611,0.5111694,True
120,(-1.4, 0.0, -0.7),True,97.81982,0.5107422,True
121,(2.1, 0.0, -1.4),True,98.66394,0.5109253,True
122,(-0.7, 0.0, 0.7),True,99.40796,0.5107422,True
123,(0.7, 0.0, 3.5),True,100.1413,0.5109863,True
124,(0.7, 0.0, -2.8),True,101.0185,0.5108032,True
125,(-0.7, 0.0, -2.8),True,101.8846,0.5107422,False
126,(-0.7, 0.0, -3.5),True,102.8953,0.5106812,True
127,(-0.7, 0.0, -1.4),True,103.8505,0.5108643,True
128,(0.7, 0.0, 0.7),True,104.5389,0.5108643,False
129,(-1.4, 0.0, 0.7),True,105.5275,0.5109863,True
130,(-3.5, 0.0, 0.7),True,106.1604,0.5108032,True
131,(1.4, 0.0, -3.5),True,106.9932,0.5108643,False
132,(3.5, 0.0, 0.7),True,107.8041,0.5106201,True
133,(0.7, 0.0, 0.7),True,108.8147,0.5106812,True
134,(-3.5, 0.0, 1.4),True,109.4922,0.5109863,True
135,(1.4, 0.0, 3.5),True,110.2141,0.5107422,True
136,(0.7, 0.0, 1.4),True,110.8359,0.5108032,True
137,(-2.8, 0.0, 0.7),True,111.6578,0.5109863,True
138,(-1.4, 0.0, 2.1),True,112.4573,0.5109253,True
139,(-1.4, 0.0, -3.5),True,113.2572,0.5111084,False
140,(2.1, 0.0, 2.8),True,113.9455,0.5108032,True
141,(-2.8, 0.0, 2.1),True,114.6008,0.5108032,True
142,(-0.7, 0.0, 3.5),True,115.5563,0.5112915,True
143,(1.4, 0.0, 2.1),True,116.2112,0.5110474,True
144,(-2.8, 0.0, 0.7),True,117.0995,0.5108643,True
145,(-2.1, 0.0, -1.4),True,117.8548,0.5108032,True
146,(1.4, 0.0, 2.1),True,118.6658,0.5109253,True
147,(-3.5, 0.0, -0.7),True,119.3984,0.5106812,True
148,(-1.4, 0.0, 2.1),True,120.2536,0.5108643,True
149,(-2.8, 0.0, -2.1),True,121.1423,0.5,True
150,(-0.7, 0.0, -1.4),True,121.975,0.510376,True
151,(1.4, 0.0, -3.5),True,122.7969,0.5109863,True
152,(2.8, 0.0, -2.1),True,123.752,0.5106201,True
153,(0.7, 0.0, -0.7),True,124.6072,0.5106812,True
154,(-3.5, 0.0, -0.7),True,125.5178,0.5109253,True
155,(-2.1, 0.0, -2.8),True,126.1398,0.5106812,True
