693.4517
0,(2.8, 0.0, -0.7),True,0.5079346,0.5079346,False
1,(2.8, 0.0, 2.1),True,1.465942,0.5108032,False
2,(0.7, 0.0, -1.4),True,2.29895,0.5108643,True
3,(0.7, 0.0, -3.5),True,3.143005,0.5107422,True
4,(0.7, 0.0, -1.4),True,4.109192,0.5109863,False
5,(3.5, 0.0, 0.7),True,4.786682,0.5108643,False
6,(1.4, 0.0, 3.5),True,5.775269,0.5111084,False
7,(2.8, 0.0, 0.7),True,6.541382,0.5108643,True
8,(0.7, 0.0, 1.4),True,7.374329,0.5109253,False
9,(0.7, 0.0, 2.8),True,8.007385,0.5109253,True
10,(-0.7, 0.0, 0.7),True,8.684753,0.5106201,True
11,(-0.7, 0.0, 3.5),True,9.506714,0.5109863,True
12,(-0.7, 0.0, -3.5),True,10.43945,0.5108032,True
13,(-0.7, 0.0, 0.7),True,11.13922,0.5109863,True
14,(1.4, 0.0, -0.7),True,12.06097,0.5108643,True
15,(-1.4, 0.0, -2.1),True,12.88275,0.510376,True
16,(0.7, 0.0, 2.8),True,13.82715,0.5001831,True
17,(-0.7, 0.0, -0.7),True,14.55975,0.5107422,False
18,(-2.1, 0.0, -1.4),True,15.20404,0.5109863,True
19,(-1.4, 0.0, -0.7),True,16.01501,0.500061,True
20,(3.5, 0.0, -0.7),True,16.94757,0.5108032,True
21,(-2.1, 0.0, -2.8),True,17.66931,0.5108032,True
22,(-2.1, 0.0, 2.8),True,18.53577,0.5106812,True
23,(-1.4, 0.0, 3.5),True,19.46875,0.500061,False
24,(-1.4, 0.0, -2.1),True,20.37927,0.5109863,True
25,(-2.1, 0.0, 2.8),True,21.3009,0.5108032,True
26,(2.1, 0.0, 2.8),True,22.31165,0.5108643,True
27,(2.1, 0.0, -1.4),True,23.31158,0.5001831,True
28,(-1.4, 0.0, -3.5),True,24.28851,0.5108032,True
29,(1.4, 0.0, 0.7),True,24.94366,0.5108032,True
30,(2.1, 0.0, -2.8),True,25.7323,0.5107422,True
31,(3.5, 0.0, -1.4),True,26.6319,0.5109863,False
32,(-1.4, 0.0, -2.1),True,27.52032,0.5108032,True
33,(-2.1, 0.0, 1.4),True,28.35321,0.5108643,True
34,(3.5, 0.0, 0.7),True,29.1972,0.5108032,True
35,(2.8, 0.0, -0.7),True,29.99701,0.5108032,True
36,(-2.8, 0.0, -2.1),True,30.69659,0.5106201,True
37,(0.7, 0.0, -2.8),True,31.69598,0.5108032,False
38,(2.8, 0.0, -0.7),True,32.50684,0.5109253,True
39,(-1.4, 0.0, 3.5),True,33.18457,0.5112305,False
40,(0.7, 0.0, 0.7),True,34.16187,0.5112305,False
41,(-3.5, 0.0, 1.4),True,34.87231,0.5109863,True
42,(3.5, 0.0, 1.4),True,35.77185,0.5108032,True
43,(-2.8, 0.0, 2.1),True,36.43835,0.5107422,True
44,(-3.5, 0.0, 0.7),True,37.44891,0.5106812,False
45,(1.4, 0.0, -0.7),True,38.21521,0.5108643,True
46,(-0.7, 0.0, 2.8),True,39.01501,0.5111084,True
47,(2.1, 0.0, 2.8),True,39.79224,0.5109253,False
48,(3.5, 0.0, -1.4),True,40.75842,0.5105591,True
49,(0.7, 0.0, -2.8),True,41.46918,0.5108643,False
50,(-1.4, 0.0, -0.7),True,42.21332,0.5109253,True
51,(1.4, 0.0, -2.1),True,42.85736,0.5107422,False
52,(-3.5, 0.0, -1.4),True,43.70148,0.5108032,True
53,(2.8, 0.0, 0.7),True,44.63464,0.500061,True
54,(-1.4, 0.0, 2.1),True,45.27844,0.510376,True
55,(2.8, 0.0, -2.1),True,46.18945,0.5,True
56,(1.4, 0.0, -2.1),True,47.12219,0.5109253,True
57,(-1.4, 0.0, 3.5),True,48.13269,0.5108643,True
58,(0.7, 0.0, -3.5),True,48.86578,0.5106812,True
59,(-2.1, 0.0, 1.4),True,49.79858,0.5109863,True
60,(-0.7, 0.0, 1.4),True,50.77594,0.5108032,True
61,(0.7, 0.0, -0.7),True,51.75317,0.5108643,True
62,(-3.5, 0.0, -0.7),True,52.46393,0.5106201,True
63,(3.5, 0.0, 1.4),True,53.21924,0.5107422,True
64,(2.1, 0.0, 1.4),True,53.85217,0.5107422,True
65,(-2.1, 0.0, 2.8),True,54.58514,0.5108032,True
66,(2.8, 0.0, 0.7),True,55.37366,0.5108643,True
67,(0.7, 0.0, -1.4),True,56.18433,0.5108032,True
68,(3.5, 0.0, 1.4),True,56.95062,0.5107422,True
69,(-0.7, 0.0, 2.8),True,57.83923,0.5109253,True
70,(-1.4, 0.0, 0.7),True,58.47229,0.5108643,True
71,(2.8, 0.0, 2.1),True,59.47174,0.5108032,True
72,(0.7, 0.0, 3.5),True,60.21594,0.5109863,False
73,(-2.1, 0.0, 1.4),True,61.17084,0.5107422,False
74,(-1.4, 0.0, 0.7),True,62.10382,0.5109253,True
75,(0.7, 0.0, 1.4),True,63.04779,0.5108032,False
76,(-2.8, 0.0, -2.1),True,64.02521,0.5109253,False
77,(2.1, 0.0, 1.4),True,65.01361,0.5108032,True
78,(1.4, 0.0, 0.7),True,66.02417,0.5109253,True
79,(-0.7, 0.0, -1.4),True,66.71295,0.5110474,True
80,(1.4, 0.0, 3.5),True,67.45673,0.5108643,True
81,(-2.1, 0.0, -1.4),True,68.40094,0.5109253,True
82,(1.4, 0.0, -2.1),True,69.23376,0.5108643,True
83,(-0.7, 0.0, -0.7),True,70.12213,0.5107422,True
84,(-0.7, 0.0, 1.4),True,71.1217,0.5108643,True
85,(2.1, 0.0, 1.4),True,71.86578,0.510376,False
86,(-2.8, 0.0, -0.7),True,72.71002,0.5108643,True
87,(0.7, 0.0, -3.5),True,73.5097,0.5110474,False
88,(-3.5, 0.0, 1.4),True,74.48676,0.5106812,True
89,(-0.7, 0.0, -2.8),True,75.23083,0.5107422,False
90,(0.7, 0.0, -0.7),True,76.01971,0.5112305,True
91,(3.5, 0.0, -0.7),True,76.7301,0.5106201,True
92,(-2.1, 0.0, -2.8),True,77.45209,0.5109863,False
93,(-3.5, 0.0, -1.4),True,78.37415,0.500061,True
94,(2.8, 0.0, -2.1),True,79.2735,0.5110474,True
95,(1.4, 0.0, -3.5),True,80.00641,0.5109253,False
96,(0.7, 0.0, 3.5),True,80.9726,0.5107422,True
97,(1.4, 0.0, -0.7),True,81.86108,0.5109253,True
98,(-2.8, 0.0, -0.7),True,82.87183,0.5109253,True
99,(1.4, 0.0, 0.7),True,83.64929,0.5109253,True
100,(-3.5, 0.0, 0.7),True,84.45984,0.5107422,True
101,(-0.7, 0.0, 2.8),True,85.4375,0.5108643,True
102,(2.1, 0.0, -2.8),True,86.44775,0.5106812,True
103,(3.5, 0.0, -0.7),True,87.34735,0.510498,True
104,(-3.5, 0.0, -1.4),True,88.19171,0.5111084,True
105,(3.5, 0.0, -1.4),True,88.81335,0.5105591,True
106,(-0.7, 0.0, -3.5),True,89.64655,0.5109863,False
107,(2.1, 0.0, -1.4),True,90.39038,0.5109253,True
108,(-2.8, 0.0, 0.7),True,91.38983,0.5108643,True
109,(-0.7, 0.0, 3.5),True,92.06738,0.5109253,True
110,(-1.4, 0.0, -3.5),True,92.85583,0.5106812,True
111,(0.7, 0.0, 2.8),True,93.78882,0.5108643,True
112,(-0.7, 0.0, -0.7),True,94.57727,0.5108643,True
113,(-2.8, 0.0, -0.7),True,95.52118,0.5108032,True
114,(2.8, 0.0, 2.1),True,96.45459,0.5001831,True
115,(1.4, 0.0, 2.1),True,97.09821,0.5106812,True
116,(-0.7, 0.0, 1.4),True,97.88672,0.5107422,True
117,(-2.8, 0.0, 2.1),True,98.84192,0.5109253,True
118,(2.1, 0.0, -2.8),True,99.83032,0.5109253,True
119,(-0.7, 0.0, -2.8),True,100.53,0.5107422,True
120,(-1.4, 0.0, -0.7),True,101.2851,0.5108032,True
121,(2.1, 0.0, -1.4),True,101.9626,0.5108643,True
122,(-0.7, 0.0, 0.7),True,102.7955,0.5108643,True
123,(0.7, 0.0, 3.5),True,103.7395,0.510437,True
124,(0.7, 0.0, -2.8),True,104.3837,0.5107422,True
125,(-0.7, 0.0, -2.8),True,105.35,0.5109863,True
126,(-0.7, 0.0, -3.5),True,106.1606,0.5109253,True
127,(-0.7, 0.0, -1.4),True,106.9936,0.5108643,True
128,(0.7, 0.0, 0.7),True,107.6932,0.5108643,True
129,(-1.4, 0.0, 0.7),True,108.3263,0.5108032,True
130,(-3.5, 0.0, 0.7),True,109.2369,0.5108032,True
131,(1.4, 0.0, -3.5),True,110.0255,0.5108032,True
132,(3.5, 0.0, 0.7),True,110.8808,0.5111694,True
133,(0.7, 0.0, 0.7),True,111.6469,0.5108643,True
134,(-3.5, 0.0, 1.4),True,112.391,0.5107422,True
135,(1.4, 0.0, 3.5),True,113.2461,0.5108032,True
136,(0.7, 0.0, 1.4),True,114.2014,0.5110474,True
137,(-2.8, 0.0, 0.7),True,114.8232,0.5108032,True
138,(-1.4, 0.0, 2.1),True,115.8337,0.5106812,True
139,(-1.4, 0.0, -3.5),True,116.5225,0.5109253,True
140,(2.1, 0.0, 2.8),True,117.411,0.5110474,True
141,(-2.8, 0.0, 2.1),True,118.0549,0.5108032,True
142,(-0.7, 0.0, 3.5),True,119.0323,0.5108643,True
143,(1.4, 0.0, 2.1),True,119.9651,0.5106812,True
144,(-2.8, 0.0, 0.7),True,120.8647,0.5109863,True
145,(-2.1, 0.0, -1.4),True,121.8754,0.5109253,True
146,(1.4, 0.0, 2.1),True,122.8861,0.5109253,True
147,(-3.5, 0.0, -0.7),True,123.8633,0.5109253,True
148,(-1.4, 0.0, 2.1),True,124.5969,0.5003662,True
149,(-2.8, 0.0, -2.1),True,125.2074,0.5001221,True
150,(-0.7, 0.0, -1.4),True,125.9514,0.5109253,True
151,(1.4, 0.0, -3.5),True,126.9175,0.5109863,True
152,(2.8, 0.0, -2.1),True,127.5948,0.5108643,True
153,(0.7, 0.0, -0.7),True,128.3611,0.5108032,True
154,(-3.5, 0.0, -0.7),True,129.283,0.5109253,True
155,(-2.1, 0.0, -2.8),True,130.1826,0.5109253,True
