482.778
0,(2.8, 0.0, -0.7),True,0.5079651,0.5079651,True
1,(2.8, 0.0, 2.1),True,1.343994,0.5110474,False
2,(0.7, 0.0, -1.4),True,2.154633,0.5108032,True
3,(0.7, 0.0, -3.5),True,2.85434,0.5109863,True
4,(0.7, 0.0, -1.4),True,3.665009,0.5109253,False
5,(3.5, 0.0, 0.7),True,4.67572,0.5109253,True
6,(1.4, 0.0, 3.5),True,5.653046,0.5108337,True
7,(2.8, 0.0, 0.7),True,6.408081,0.5108948,False
8,(0.7, 0.0, 1.4),True,7.418762,0.5108032,True
9,(0.7, 0.0, 2.8),True,8.296234,0.5109863,True
10,(-0.7, 0.0, 0.7),True,9.162476,0.5108337,False
11,(-0.7, 0.0, 3.5),True,9.784271,0.5104675,True
12,(-0.7, 0.0, -3.5),True,10.7063,0.5111389,True
13,(-0.7, 0.0, 0.7),True,11.58344,0.5109253,True
14,(1.4, 0.0, -0.7),True,12.59393,0.5107727,True
15,(-1.4, 0.0, -2.1),True,13.3493,0.5109253,True
16,(0.7, 0.0, 2.8),True,14.24887,0.5108643,True
17,(-0.7, 0.0, -0.7),True,15.18167,0.5108337,True
18,(-2.1, 0.0, -1.4),True,16.00348,0.5108337,True
19,(-1.4, 0.0, -0.7),True,16.89215,0.5110168,True
20,(3.5, 0.0, -0.7),True,17.85828,0.5108643,True
21,(-2.1, 0.0, -2.8),True,18.76895,0.5107727,True
22,(-2.1, 0.0, 2.8),True,19.71298,0.5109558,True
23,(-1.4, 0.0, 3.5),True,20.60135,0.5108032,True
24,(-1.4, 0.0, -2.1),True,21.401,0.5108032,False
25,(-2.1, 0.0, 2.8),True,22.11206,0.5000916,True
26,(2.1, 0.0, 2.8),True,22.7337,0.5109253,True
27,(2.1, 0.0, -1.4),True,23.47769,0.5108032,True
28,(-1.4, 0.0, -3.5),True,24.36618,0.5109863,True
29,(1.4, 0.0, 0.7),True,25.28812,0.5109253,True
30,(2.1, 0.0, -2.8),True,26.24326,0.5108948,False
31,(3.5, 0.0, -1.4),True,26.87613,0.5108032,True
32,(-1.4, 0.0, -2.1),True,27.59805,0.5108643,True
33,(-2.1, 0.0, 1.4),True,28.28665,0.5109253,False
34,(3.5, 0.0, 0.7),True,29.03058,0.5108948,True
35,(2.8, 0.0, -0.7),True,29.98578,0.5109253,True
36,(-2.8, 0.0, -2.1),True,30.80759,0.5108337,True
37,(0.7, 0.0, -2.8),True,31.79596,0.5106812,False
38,(2.8, 0.0, -0.7),True,32.65109,0.5108337,False
39,(-1.4, 0.0, 3.5),True,33.50632,0.5110168,False
40,(0.7, 0.0, 0.7),True,34.30591,0.5108643,True
41,(-3.5, 0.0, 1.4),True,35.03888,0.5107727,False
42,(3.5, 0.0, 1.4),True,35.83853,0.5109253,True
43,(-2.8, 0.0, 2.1),True,36.47156,0.5109253,True
44,(-3.5, 0.0, 0.7),True,37.28268,0.5002136,True
45,(1.4, 0.0, -0.7),True,38.09311,0.5109253,True
46,(-0.7, 0.0, 2.8),True,39.09244,0.5108337,True
47,(2.1, 0.0, 2.8),True,40.07004,0.5111694,True
48,(3.5, 0.0, -1.4),True,40.90277,0.5106201,True
49,(0.7, 0.0, -2.8),True,41.72455,0.5108337,False
50,(-1.4, 0.0, -0.7),True,42.57974,0.5107727,True
51,(1.4, 0.0, -2.1),True,43.44592,0.5106812,True
52,(-3.5, 0.0, -1.4),True,44.4122,0.5110168,True
53,(2.8, 0.0, 0.7),True,45.34506,0.5109558,False
54,(-1.4, 0.0, 2.1),True,46.14502,0.5000305,True
55,(2.8, 0.0, -2.1),True,46.82208,0.5107727,True
56,(1.4, 0.0, -2.1),True,47.68832,0.5108643,True
57,(-1.4, 0.0, 3.5),True,48.55469,0.5109863,True
58,(0.7, 0.0, -3.5),True,49.47644,0.5108032,True
59,(-2.1, 0.0, 1.4),True,50.09827,0.5108032,True
60,(-0.7, 0.0, 1.4),True,50.97583,0.5110779,True
61,(0.7, 0.0, -0.7),True,51.68637,0.5107422,True
62,(-3.5, 0.0, -0.7),True,52.686,0.5108337,True
63,(3.5, 0.0, 1.4),True,53.4747,0.5110474,True
64,(2.1, 0.0, 1.4),True,54.48514,0.5109863,False
65,(-2.1, 0.0, 2.8),True,55.48465,0.5109253,True
66,(2.8, 0.0, 0.7),True,56.3064,0.5109253,True
67,(0.7, 0.0, -1.4),True,56.9617,0.5108337,True
68,(3.5, 0.0, 1.4),True,57.95001,0.510376,False
69,(-0.7, 0.0, 2.8),True,58.60532,0.5107727,True
70,(-1.4, 0.0, 0.7),True,59.59384,0.5109253,True
71,(2.8, 0.0, 2.1),True,60.38232,0.5109863,True
72,(0.7, 0.0, 3.5),True,61.18198,0.5109863,True
73,(-2.1, 0.0, 1.4),True,61.97046,0.5107117,True
74,(-1.4, 0.0, 0.7),True,62.69223,0.5107727,True
75,(0.7, 0.0, 1.4),True,63.35864,0.5108643,True
76,(-2.8, 0.0, -2.1),True,64.00278,0.5108948,True
77,(2.1, 0.0, 1.4),True,64.72464,0.5107727,True
78,(1.4, 0.0, 0.7),True,65.41312,0.5108948,True
79,(-0.7, 0.0, -1.4),True,66.12439,0.5113831,True
80,(1.4, 0.0, 3.5),True,66.76813,0.5108643,True
81,(-2.1, 0.0, -1.4),True,67.54538,0.5106506,True
82,(1.4, 0.0, -2.1),True,68.53409,0.5110168,True
83,(-0.7, 0.0, -0.7),True,69.42242,0.5109863,False
84,(-0.7, 0.0, 1.4),True,70.24457,0.5002136,True
85,(2.1, 0.0, 1.4),True,70.99939,0.5107422,True
86,(-2.8, 0.0, -0.7),True,71.76572,0.5107727,True
87,(0.7, 0.0, -3.5),True,72.67639,0.5107727,True
88,(-3.5, 0.0, 1.4),True,73.42078,0.5111389,True
89,(-0.7, 0.0, -2.8),True,74.13135,0.5110779,True
90,(0.7, 0.0, -0.7),True,74.85306,0.5108337,True
91,(3.5, 0.0, -0.7),True,75.59741,0.5110474,True
92,(-2.1, 0.0, -2.8),True,76.39679,0.5109253,True
93,(-3.5, 0.0, -1.4),True,77.39651,0.5108948,False
94,(2.8, 0.0, -2.1),True,78.2406,0.5110168,True
95,(1.4, 0.0, -3.5),True,79.25113,0.5107727,True
96,(0.7, 0.0, 3.5),True,80.16174,0.5108948,True
97,(1.4, 0.0, -0.7),True,80.83923,0.5109558,True
98,(-2.8, 0.0, -0.7),True,81.84985,0.5109863,True
99,(1.4, 0.0, 0.7),True,82.7493,0.510437,True
100,(-3.5, 0.0, 0.7),True,83.51566,0.5107422,True
101,(-0.7, 0.0, 2.8),True,84.43768,0.5111084,True
102,(2.1, 0.0, -2.8),True,85.19275,0.5109558,True
103,(3.5, 0.0, -0.7),True,86.11441,0.5108032,True
104,(-3.5, 0.0, -1.4),True,86.76981,0.5108032,True
105,(3.5, 0.0, -1.4),True,87.6915,0.5108337,True
106,(-0.7, 0.0, -3.5),True,88.60223,0.5108948,True
107,(2.1, 0.0, -1.4),True,89.23523,0.5109558,True
108,(-2.8, 0.0, 0.7),True,90.01251,0.5108337,True
109,(-0.7, 0.0, 3.5),True,90.91275,0.5114136,True
110,(-1.4, 0.0, -3.5),True,91.54529,0.5,True
111,(0.7, 0.0, 2.8),True,92.46689,0.5108032,True
112,(-0.7, 0.0, -0.7),True,93.42203,0.5108337,True
113,(-2.8, 0.0, -0.7),True,94.255,0.5108948,True
114,(2.8, 0.0, 2.1),True,95.08823,0.5110474,True
115,(1.4, 0.0, 2.1),True,95.80978,0.5108032,True
116,(-0.7, 0.0, 1.4),True,96.52075,0.5110168,True
117,(-2.8, 0.0, 2.1),True,97.26456,0.510498,True
118,(2.1, 0.0, -2.8),True,97.96432,0.5107117,True
119,(-0.7, 0.0, -2.8),True,98.71957,0.5108948,True
120,(-1.4, 0.0, -0.7),True,99.57458,0.5106506,True
121,(2.1, 0.0, -1.4),True,100.3631,0.5108337,False
122,(-0.7, 0.0, 0.7),True,101.0517,0.5108948,True
123,(0.7, 0.0, 3.5),True,101.7958,0.510437,True
124,(0.7, 0.0, -2.8),True,102.6843,0.5108643,True
125,(-0.7, 0.0, -2.8),True,103.6172,0.5109253,True
126,(-0.7, 0.0, -3.5),True,104.4724,0.5110474,True
127,(-0.7, 0.0, -1.4),True,105.2278,0.500061,True
128,(0.7, 0.0, 0.7),True,106.1717,0.5000305,True
129,(-1.4, 0.0, 0.7),True,106.9935,0.5109253,True
130,(-3.5, 0.0, 0.7),True,107.8377,0.500061,True
131,(1.4, 0.0, -3.5),True,108.7036,0.5105591,True
132,(3.5, 0.0, 0.7),True,109.7032,0.5109253,True
133,(0.7, 0.0, 0.7),True,110.3917,0.5108948,True
134,(-3.5, 0.0, 1.4),True,111.0359,0.5109253,True
135,(1.4, 0.0, 3.5),True,111.9355,0.5109253,True
136,(0.7, 0.0, 1.4),True,112.7016,0.5107727,True
137,(-2.8, 0.0, 0.7),True,113.5679,0.5108032,False
138,(-1.4, 0.0, 2.1),True,114.4012,0.5000916,True
139,(-1.4, 0.0, -3.5),True,115.1785,0.5110779,True
140,(2.1, 0.0, 2.8),True,115.8779,0.5108337,False
141,(-2.8, 0.0, 2.1),True,116.5997,0.5106201,False
142,(-0.7, 0.0, 3.5),True,117.566,0.5108643,True
143,(1.4, 0.0, 2.1),True,118.4656,0.5108948,False
144,(-2.8, 0.0, 0.7),True,119.2985,0.5107117,True
145,(-2.1, 0.0, -1.4),True,119.9871,0.5109863,True
146,(1.4, 0.0, 2.1),True,120.7201,0.5108337,True
147,(-3.5, 0.0, -0.7),True,121.5197,0.5109253,False
148,(-1.4, 0.0, 2.1),True,122.2194,0.5107117,True
149,(-2.8, 0.0, -2.1),True,122.9635,0.5108337,True
150,(-0.7, 0.0, -1.4),True,123.7299,0.5109253,True
151,(1.4, 0.0, -3.5),True,124.3629,0.5102234,True
152,(2.8, 0.0, -2.1),True,125.3511,0.5108337,True
153,(0.7, 0.0, -0.7),True,126.2286,0.5108948,True
154,(-3.5, 0.0, -0.7),True,126.9617,0.5109253,True
155,(-2.1, 0.0, -2.8),True,127.6724,0.5110474,True
