267.4334
0,(2.8, 0.0, -0.7),True,0.5067291,0.5067291,False
1,(2.8, 0.0, 2.1),True,1.366241,0.5001068,True
2,(0.7, 0.0, -1.4),True,2.076813,0.5106506,True
3,(0.7, 0.0, -3.5),True,2.854355,0.5110626,True
4,(0.7, 0.0, -1.4),True,3.498306,0.5109863,False
5,(3.5, 0.0, 0.7),True,4.486633,0.510788,False
6,(1.4, 0.0, 3.5),True,5.186508,0.5109711,False
7,(2.8, 0.0, 0.7),True,6.152527,0.51091,True
8,(0.7, 0.0, 1.4),True,6.841049,0.5108337,True
9,(0.7, 0.0, 2.8),True,7.585297,0.5110168,True
10,(-0.7, 0.0, 0.7),True,8.407043,0.5107269,True
11,(-0.7, 0.0, 3.5),True,9.239944,0.5107117,True
12,(-0.7, 0.0, -3.5),True,10.03972,0.5109863,False
13,(-0.7, 0.0, 0.7),True,10.91704,0.5109711,False
14,(1.4, 0.0, -0.7),True,11.72774,0.510788,False
15,(-1.4, 0.0, -2.1),True,12.60515,0.5108032,True
16,(0.7, 0.0, 2.8),True,13.26016,0.5106812,True
17,(-0.7, 0.0, -0.7),True,13.88232,0.5109863,True
18,(-2.1, 0.0, -1.4),True,14.82613,0.5105591,True
19,(-1.4, 0.0, -0.7),True,15.80359,0.5110168,True
20,(3.5, 0.0, -0.7),True,16.51443,0.5110474,True
21,(-2.1, 0.0, -2.8),True,17.46941,0.51091,True
22,(-2.1, 0.0, 2.8),True,18.11343,0.5107727,False
23,(-1.4, 0.0, 3.5),True,18.7914,0.5001373,True
24,(-1.4, 0.0, -2.1),True,19.54619,0.5108185,True
25,(-2.1, 0.0, 2.8),True,20.44572,0.5107422,True
26,(2.1, 0.0, 2.8),True,21.20093,0.5108643,True
27,(2.1, 0.0, -1.4),True,22.1227,0.5109253,True
28,(-1.4, 0.0, -3.5),True,22.80016,0.5108643,True
29,(1.4, 0.0, 0.7),True,23.66658,0.5109711,True
30,(2.1, 0.0, -2.8),True,24.54407,0.5112152,True
31,(3.5, 0.0, -1.4),True,25.47659,0.5104675,True
32,(-1.4, 0.0, -2.1),True,26.38756,0.5110474,True
33,(-2.1, 0.0, 1.4),True,27.09813,0.51091,True
34,(3.5, 0.0, 0.7),True,28.03094,0.5107727,True
35,(2.8, 0.0, -0.7),True,29.04187,0.5110779,False
36,(-2.8, 0.0, -2.1),True,29.8857,0.5108337,True
37,(0.7, 0.0, -2.8),True,30.68533,0.5109558,True
38,(2.8, 0.0, -0.7),True,31.66254,0.5108337,True
39,(-1.4, 0.0, 3.5),True,32.4733,0.5109406,True
40,(0.7, 0.0, 0.7),True,33.31738,0.5109711,False
41,(-3.5, 0.0, 1.4),True,33.98373,0.5107269,True
42,(3.5, 0.0, 1.4),True,34.8943,0.5105896,True
43,(-2.8, 0.0, 2.1),True,35.71614,0.5107117,True
44,(-3.5, 0.0, 0.7),True,36.48259,0.5109558,True
45,(1.4, 0.0, -0.7),True,37.18222,0.510788,False
46,(-0.7, 0.0, 2.8),True,37.88194,0.5110474,True
47,(2.1, 0.0, 2.8),True,38.50394,0.5110474,True
48,(3.5, 0.0, -1.4),True,39.31454,0.5108948,True
49,(0.7, 0.0, -2.8),True,40.04741,0.5108337,True
50,(-1.4, 0.0, -0.7),True,40.80261,0.5106506,True
51,(1.4, 0.0, -2.1),True,41.68011,0.5106049,True
52,(-3.5, 0.0, -1.4),True,42.56873,0.5000458,True
53,(2.8, 0.0, 0.7),True,43.51247,0.5106964,True
54,(-1.4, 0.0, 2.1),True,44.15657,0.5108948,True
55,(2.8, 0.0, -2.1),True,45.05643,0.5111542,True
56,(1.4, 0.0, -2.1),True,45.82251,0.5109406,True
57,(-1.4, 0.0, 3.5),True,46.48883,0.5108337,True
58,(0.7, 0.0, -3.5),True,47.29944,0.5103912,True
59,(-2.1, 0.0, 1.4),True,48.24385,0.5112305,True
60,(-0.7, 0.0, 1.4),True,49.24303,0.5108795,True
61,(0.7, 0.0, -0.7),True,50.15373,0.5108948,True
62,(-3.5, 0.0, -0.7),True,51.04285,0.5115051,True
63,(3.5, 0.0, 1.4),True,51.7307,0.5107117,True
64,(2.1, 0.0, 1.4),True,52.55252,0.5108032,True
65,(-2.1, 0.0, 2.8),True,53.48572,0.5110931,True
66,(2.8, 0.0, 0.7),True,54.27406,0.5108337,True
67,(0.7, 0.0, -1.4),True,54.91814,0.510025,True
68,(3.5, 0.0, 1.4),True,55.86224,0.5108948,True
69,(-0.7, 0.0, 2.8),True,56.57301,0.510788,True
70,(-1.4, 0.0, 0.7),True,57.28413,0.5114136,True
71,(2.8, 0.0, 2.1),True,58.01669,0.51091,False
72,(0.7, 0.0, 3.5),True,58.99399,0.5105896,True
73,(-2.1, 0.0, 1.4),True,59.63797,0.5105591,False
74,(-1.4, 0.0, 0.7),True,60.31549,0.5107727,True
75,(0.7, 0.0, 1.4),True,61.30409,0.5110016,True
76,(-2.8, 0.0, -2.1),True,62.12584,0.51091,True
77,(2.1, 0.0, 1.4),True,63.00314,0.5108032,True
78,(1.4, 0.0, 0.7),True,63.75838,0.5108185,True
79,(-0.7, 0.0, -1.4),True,64.74692,0.5111237,True
80,(1.4, 0.0, 3.5),True,65.5352,0.510788,True
81,(-2.1, 0.0, -1.4),True,66.42389,0.5110168,True
82,(1.4, 0.0, -2.1),True,67.23439,0.5105591,True
83,(-0.7, 0.0, -0.7),True,68.12297,0.5109253,True
84,(-0.7, 0.0, 1.4),True,68.767,0.5108337,True
85,(2.1, 0.0, 1.4),True,69.46716,0.5000763,True
86,(-2.8, 0.0, -0.7),True,70.46654,0.5000763,True
87,(0.7, 0.0, -3.5),True,71.39928,0.5110321,True
88,(-3.5, 0.0, 1.4),True,72.3654,0.5110168,True
89,(-0.7, 0.0, -2.8),True,73.22041,0.5108337,True
90,(0.7, 0.0, -0.7),True,73.97588,0.5109253,True
91,(3.5, 0.0, -0.7),True,74.64197,0.5105133,True
92,(-2.1, 0.0, -2.8),True,75.60863,0.5111542,True
93,(-3.5, 0.0, -1.4),True,76.25241,0.5109253,True
94,(2.8, 0.0, -2.1),True,77.25195,0.5108795,True
95,(1.4, 0.0, -3.5),True,77.88486,0.510788,True
96,(0.7, 0.0, 3.5),True,78.50682,0.5108948,True
97,(1.4, 0.0, -0.7),True,79.14,0.5108185,True
98,(-2.8, 0.0, -0.7),True,79.93959,0.5110626,True
99,(1.4, 0.0, 0.7),True,80.57243,0.5100098,True
100,(-3.5, 0.0, 0.7),True,81.43893,0.5111084,True
101,(-0.7, 0.0, 2.8),True,82.21631,0.5109558,True
102,(2.1, 0.0, -2.8),True,82.9269,0.510788,True
103,(3.5, 0.0, -0.7),True,83.78204,0.510849,False
104,(-3.5, 0.0, -1.4),True,84.57062,0.5108337,True
105,(3.5, 0.0, -1.4),True,85.48132,0.5109253,True
106,(-0.7, 0.0, -3.5),True,86.12541,0.5107269,True
107,(2.1, 0.0, -1.4),True,86.79166,0.509903,True
108,(-2.8, 0.0, 0.7),True,87.71349,0.5108795,True
109,(-0.7, 0.0, 3.5),True,88.45763,0.5109253,True
110,(-1.4, 0.0, -3.5),True,89.17952,0.510788,True
111,(0.7, 0.0, 2.8),True,90.0791,0.5110168,True
112,(-0.7, 0.0, -0.7),True,91.08987,0.5109558,True
113,(-2.8, 0.0, -0.7),True,91.7672,0.5101929,True
114,(2.8, 0.0, 2.1),True,92.7556,0.510849,True
115,(1.4, 0.0, 2.1),True,93.61067,0.5104218,True
116,(-0.7, 0.0, 1.4),True,94.588,0.5107727,True
117,(-2.8, 0.0, 2.1),True,95.50974,0.5108643,True
118,(2.1, 0.0, -2.8),True,96.32112,0.5114594,False
119,(-0.7, 0.0, -2.8),True,97.22028,0.5109558,True
120,(-1.4, 0.0, -0.7),True,98.08633,0.5107269,True
121,(2.1, 0.0, -1.4),True,99.09697,0.510849,True
122,(-0.7, 0.0, 0.7),True,99.93016,0.5111084,True
123,(0.7, 0.0, 3.5),True,100.9294,0.5106964,False
124,(0.7, 0.0, -2.8),True,101.8734,0.5109253,True
125,(-0.7, 0.0, -2.8),True,102.7288,0.5110474,True
126,(-0.7, 0.0, -3.5),True,103.6281,0.5109253,True
127,(-0.7, 0.0, -1.4),True,104.3167,0.5109253,True
128,(0.7, 0.0, 0.7),True,104.9943,0.5108948,True
129,(-1.4, 0.0, 0.7),True,105.8494,0.5109863,True
130,(-3.5, 0.0, 0.7),True,106.7266,0.510849,True
131,(1.4, 0.0, -3.5),True,107.6374,0.5108643,True
132,(3.5, 0.0, 0.7),True,108.5813,0.51091,True
133,(0.7, 0.0, 0.7),True,109.2477,0.510849,True
134,(-3.5, 0.0, 1.4),True,109.9584,0.5106049,True
135,(1.4, 0.0, 3.5),True,110.847,0.5109863,True
136,(0.7, 0.0, 1.4),True,111.5244,0.5110016,True
137,(-2.8, 0.0, 0.7),True,112.1798,0.5000153,True
138,(-1.4, 0.0, 2.1),True,112.9792,0.5108337,True
139,(-1.4, 0.0, -3.5),True,113.7567,0.5110016,True
140,(2.1, 0.0, 2.8),True,114.7339,0.510788,True
141,(-2.8, 0.0, 2.1),True,115.6894,0.5110016,True
142,(-0.7, 0.0, 3.5),True,116.6224,0.5111694,True
143,(1.4, 0.0, 2.1),True,117.3771,0.5108032,True
144,(-2.8, 0.0, 0.7),True,118.3323,0.5106506,True
145,(-2.1, 0.0, -1.4),True,119.2651,0.5107117,True
146,(1.4, 0.0, 2.1),True,119.9983,0.5111694,True
147,(-3.5, 0.0, -0.7),True,120.831,0.5107422,True
148,(-1.4, 0.0, 2.1),True,121.575,0.5108032,True
149,(-2.8, 0.0, -2.1),True,122.4081,0.5110168,False
150,(-0.7, 0.0, -1.4),True,123.1189,0.5108948,True
151,(1.4, 0.0, -3.5),True,124.1183,0.5108032,True
152,(2.8, 0.0, -2.1),True,124.8513,0.5108948,True
153,(0.7, 0.0, -0.7),True,125.8619,0.5107727,False
154,(-3.5, 0.0, -0.7),True,126.6283,0.5108032,False
155,(-2.1, 0.0, -2.8),True,127.3391,0.5109558,True
