577.2861
0,(2.8, 0.0, -0.7),False,0,0,False
1,(2.8, 0.0, 2.1),False,0,0,False
2,(0.7, 0.0, -1.4),True,2.398956,0.4888,True
3,(0.7, 0.0, -3.5),False,0,0,False
4,(0.7, 0.0, -1.4),False,0,0,False
5,(3.5, 0.0, 0.7),False,0,0,False
6,(1.4, 0.0, 3.5),False,0,0,False
7,(2.8, 0.0, 0.7),True,6.163635,0.26651,True
8,(0.7, 0.0, 1.4),False,0,0,False
9,(0.7, 0.0, 2.8),False,0,0,False
10,(-0.7, 0.0, 0.7),True,8.496338,0.1893616,True
11,(-0.7, 0.0, 3.5),False,0,0,False
12,(-0.7, 0.0, -3.5),False,0,0,False
13,(-0.7, 0.0, 0.7),True,11.21677,0.4109192,False
14,(1.4, 0.0, -0.7),False,0,0,False
15,(-1.4, 0.0, -2.1),True,12.92709,0.2776489,False
16,(0.7, 0.0, 2.8),False,0,0,False
17,(-0.7, 0.0, -0.7),False,0,0,False
18,(-2.1, 0.0, -1.4),True,15.52612,0.3223572,True
19,(-1.4, 0.0, -0.7),True,16.30432,0.1897888,True
20,(3.5, 0.0, -0.7),True,17.19189,0.3555908,True
21,(-2.1, 0.0, -2.8),True,17.99142,0.5110168,True
22,(-2.1, 0.0, 2.8),False,0,0,False
23,(-1.4, 0.0, 3.5),True,19.46838,0.4776001,False
24,(-1.4, 0.0, -2.1),False,0,0,False
25,(-2.1, 0.0, 2.8),False,0,0,False
26,(2.1, 0.0, 2.8),False,0,0,False
27,(2.1, 0.0, -1.4),False,0,0,False
28,(-1.4, 0.0, -3.5),False,0,0,False
29,(1.4, 0.0, 0.7),True,23.84406,0.08877563,False
30,(2.1, 0.0, -2.8),True,24.71039,0.03314209,True
31,(3.5, 0.0, -1.4),True,25.64337,0.3443298,False
32,(-1.4, 0.0, -2.1),True,26.45389,0.4330139,True
33,(-2.1, 0.0, 1.4),False,0,0,False
34,(3.5, 0.0, 0.7),False,0,0,False
35,(2.8, 0.0, -0.7),True,28.56418,0.2333069,False
36,(-2.8, 0.0, -2.1),True,29.37488,0.05563354,False
37,(0.7, 0.0, -2.8),True,30.38562,0.4332275,True
38,(2.8, 0.0, -0.7),False,0,0,False
39,(-1.4, 0.0, 3.5),False,0,0,False
40,(0.7, 0.0, 0.7),True,32.18454,0.08883667,True
41,(-3.5, 0.0, 1.4),True,33.05087,0.09997559,False
42,(3.5, 0.0, 1.4),False,0,0,False
43,(-2.8, 0.0, 2.1),True,34.63904,0.02215576,True
44,(-3.5, 0.0, 0.7),True,35.56073,0.07769775,False
45,(1.4, 0.0, -0.7),False,0,0,False
46,(-0.7, 0.0, 2.8),False,0,0,False
47,(2.1, 0.0, 2.8),False,0,0,False
48,(3.5, 0.0, -1.4),True,39.55887,0.4776001,True
49,(0.7, 0.0, -2.8),False,0,0,False
50,(-1.4, 0.0, -0.7),False,0,0,False
51,(1.4, 0.0, -2.1),False,0,0,False
52,(-3.5, 0.0, -1.4),False,0,0,False
53,(2.8, 0.0, 0.7),True,43.06842,0.03338623,True
54,(-1.4, 0.0, 2.1),False,0,0,False
55,(2.8, 0.0, -2.1),False,0,0,False
56,(1.4, 0.0, -2.1),True,46.0224,0.3776245,True
57,(-1.4, 0.0, 3.5),False,0,0,False
58,(0.7, 0.0, -3.5),False,0,0,False
59,(-2.1, 0.0, 1.4),True,47.89948,0.06671143,True
60,(-0.7, 0.0, 1.4),True,49.07654,0.2885437,True
61,(0.7, 0.0, -0.7),True,50.20941,0.4554443,True
62,(-3.5, 0.0, -0.7),False,0,0,False
63,(3.5, 0.0, 1.4),False,0,0,False
64,(2.1, 0.0, 1.4),False,0,0,False
65,(-2.1, 0.0, 2.8),True,53.21909,0.1887512,True
66,(2.8, 0.0, 0.7),False,0,0,False
67,(0.7, 0.0, -1.4),False,0,0,False
68,(3.5, 0.0, 1.4),False,0,0,False
69,(-0.7, 0.0, 2.8),True,56.81744,0.1109009,True
70,(-1.4, 0.0, 0.7),True,57.79486,0.2223206,True
71,(2.8, 0.0, 2.1),True,58.6608,0.3440552,True
72,(0.7, 0.0, 3.5),False,0,0,False
73,(-2.1, 0.0, 1.4),True,60.40454,0.4442444,True
74,(-1.4, 0.0, 0.7),True,61.33734,0.4438782,True
75,(0.7, 0.0, 1.4),True,62.10361,0.3331604,True
76,(-2.8, 0.0, -2.1),False,0,0,False
77,(2.1, 0.0, 1.4),True,63.65854,0.2888794,True
78,(1.4, 0.0, 0.7),True,64.4581,0.3554077,True
79,(-0.7, 0.0, -1.4),True,65.18008,0.3221436,True
80,(1.4, 0.0, 3.5),False,0,0,False
81,(-2.1, 0.0, -1.4),True,66.70145,0.05529785,True
82,(1.4, 0.0, -2.1),True,67.8566,0.2998047,False
83,(-0.7, 0.0, -0.7),False,0,0,False
84,(-0.7, 0.0, 1.4),True,69.82242,0.3776855,True
85,(2.1, 0.0, 1.4),False,0,0,False
86,(-2.8, 0.0, -0.7),False,0,0,False
87,(0.7, 0.0, -3.5),True,72.11014,0.1333618,True
88,(-3.5, 0.0, 1.4),True,73.16513,0.4887695,False
89,(-0.7, 0.0, -2.8),True,73.93137,0.5108643,False
90,(0.7, 0.0, -0.7),True,74.71982,0.4442749,False
91,(3.5, 0.0, -0.7),False,0,0,False
92,(-2.1, 0.0, -2.8),True,75.76389,0.01116943,True
93,(-3.5, 0.0, -1.4),True,76.80777,0.1221924,True
94,(2.8, 0.0, -2.1),False,0,0,False
95,(1.4, 0.0, -3.5),False,0,0,False
96,(0.7, 0.0, 3.5),False,0,0,False
97,(1.4, 0.0, -0.7),False,0,0,False
98,(-2.8, 0.0, -0.7),True,80.71786,0.1229248,True
99,(1.4, 0.0, 0.7),True,81.8942,0.3775635,True
100,(-3.5, 0.0, 0.7),False,0,0,False
101,(-0.7, 0.0, 2.8),False,0,0,False
102,(2.1, 0.0, -2.8),False,0,0,False
103,(3.5, 0.0, -0.7),False,0,0,False
104,(-3.5, 0.0, -1.4),False,0,0,False
105,(3.5, 0.0, -1.4),False,0,0,False
106,(-0.7, 0.0, -3.5),True,87.92465,0.4885864,True
107,(2.1, 0.0, -1.4),True,88.61349,0.3667603,True
108,(-2.8, 0.0, 0.7),True,89.5018,0.333252,True
109,(-0.7, 0.0, 3.5),False,0,0,False
110,(-1.4, 0.0, -3.5),False,0,0,False
111,(0.7, 0.0, 2.8),False,0,0,False
112,(-0.7, 0.0, -0.7),True,92.84451,0.3665161,True
113,(-2.8, 0.0, -0.7),False,0,0,False
114,(2.8, 0.0, 2.1),False,0,0,False
115,(1.4, 0.0, 2.1),False,0,0,False
116,(-0.7, 0.0, 1.4),False,0,0,False
117,(-2.8, 0.0, 2.1),False,0,0,False
118,(2.1, 0.0, -2.8),False,0,0,False
119,(-0.7, 0.0, -2.8),True,98.65414,0.1900024,True
120,(-1.4, 0.0, -0.7),True,99.89688,0.4331665,True
121,(2.1, 0.0, -1.4),True,100.5409,0.4440918,True
122,(-0.7, 0.0, 0.7),True,101.2074,0.2886963,True
123,(0.7, 0.0, 3.5),False,0,0,False
124,(0.7, 0.0, -2.8),True,103.0288,0.2112427,True
125,(-0.7, 0.0, -2.8),True,103.8949,0.2664795,True
126,(-0.7, 0.0, -3.5),True,104.8611,0.3554077,True
127,(-0.7, 0.0, -1.4),True,105.5497,0.3109741,True
128,(0.7, 0.0, 0.7),True,106.3159,0.3109741,True
129,(-1.4, 0.0, 0.7),True,107.1046,0.333313,False
130,(-3.5, 0.0, 0.7),False,0,0,False
131,(1.4, 0.0, -3.5),False,0,0,False
132,(3.5, 0.0, 0.7),True,109.3036,0.03344727,False
133,(0.7, 0.0, 0.7),True,110.303,0.3110352,True
134,(-3.5, 0.0, 1.4),False,0,0,False
135,(1.4, 0.0, 3.5),False,0,0,False
136,(0.7, 0.0, 1.4),True,112.5685,0.2996826,True
137,(-2.8, 0.0, 0.7),False,0,0,False
138,(-1.4, 0.0, 2.1),True,114.0011,0.3997803,True
139,(-1.4, 0.0, -3.5),False,0,0,False
140,(2.1, 0.0, 2.8),False,0,0,False
141,(-2.8, 0.0, 2.1),False,0,0,False
142,(-0.7, 0.0, 3.5),False,0,0,False
143,(1.4, 0.0, 2.1),False,0,0,False
144,(-2.8, 0.0, 0.7),False,0,0,False
145,(-2.1, 0.0, -1.4),True,119.7652,0.3441162,True
146,(1.4, 0.0, 2.1),False,0,0,False
147,(-3.5, 0.0, -0.7),False,0,0,False
148,(-1.4, 0.0, 2.1),True,122.275,0.366394,True
149,(-2.8, 0.0, -2.1),False,0,0,False
150,(-0.7, 0.0, -1.4),True,123.7745,0.3110352,True
151,(1.4, 0.0, -3.5),False,0,0,False
152,(2.8, 0.0, -2.1),False,0,0,False
153,(0.7, 0.0, -0.7),True,126.1509,0.2774658,True
154,(-3.5, 0.0, -0.7),False,0,0,False
155,(-2.1, 0.0, -2.8),False,0,0,False
