158.9518
0,(2.8, 0.0, -0.7),True,0.5109711,0.5109711,False
1,(2.8, 0.0, 2.1),True,1.377312,0.5110054,False
2,(0.7, 0.0, -1.4),True,2.106026,0.5064735,False
3,(0.7, 0.0, -3.5),True,2.843372,0.5001564,False
4,(0.7, 0.0, -1.4),True,3.542847,0.5108223,True
5,(3.5, 0.0, 0.7),True,4.520077,0.5107765,False
6,(1.4, 0.0, 3.5),True,5.408611,0.5108871,False
7,(2.8, 0.0, 0.7),True,6.396942,0.5108109,False
8,(0.7, 0.0, 1.4),True,7.329937,0.5107956,False
9,(0.7, 0.0, 2.8),True,8.296059,0.5105286,True
10,(-0.7, 0.0, 0.7),True,9.084564,0.5108261,True
11,(-0.7, 0.0, 3.5),True,9.806488,0.5108337,False
12,(-0.7, 0.0, -3.5),True,10.67287,0.5109634,True
13,(-0.7, 0.0, 0.7),True,11.51744,0.5112534,True
14,(1.4, 0.0, -0.7),True,12.52737,0.510437,True
15,(-1.4, 0.0, -2.1),True,13.50472,0.5108528,True
16,(0.7, 0.0, 2.8),True,14.42654,0.5108109,True
17,(-0.7, 0.0, -0.7),True,15.22639,0.5000839,True
18,(-2.1, 0.0, -1.4),True,15.88137,0.5109138,True
19,(-1.4, 0.0, -0.7),True,16.60327,0.5108604,True
20,(3.5, 0.0, -0.7),True,17.49167,0.5106163,False
21,(-2.1, 0.0, -2.8),True,18.35828,0.5108299,True
22,(-2.1, 0.0, 2.8),True,19.01324,0.5100746,True
23,(-1.4, 0.0, 3.5),True,19.7463,0.5107536,True
24,(-1.4, 0.0, -2.1),True,20.42379,0.5102615,True
25,(-2.1, 0.0, 2.8),True,21.34557,0.5106201,True
26,(2.1, 0.0, 2.8),True,22.06749,0.5109024,True
27,(2.1, 0.0, -1.4),True,22.75591,0.5099983,True
28,(-1.4, 0.0, -3.5),True,23.45563,0.5108948,True
29,(1.4, 0.0, 0.7),True,24.22198,0.5109749,False
30,(2.1, 0.0, -2.8),True,24.95493,0.5109367,False
31,(3.5, 0.0, -1.4),True,25.82118,0.5108986,True
32,(-1.4, 0.0, -2.1),True,26.55401,0.5106697,True
33,(-2.1, 0.0, 1.4),True,27.46489,0.5109329,True
34,(3.5, 0.0, 0.7),True,28.19774,0.510685,True
35,(2.8, 0.0, -0.7),True,29.16395,0.5108261,True
36,(-2.8, 0.0, -2.1),True,29.95246,0.510891,True
37,(0.7, 0.0, -2.8),True,30.64105,0.5108147,True
38,(2.8, 0.0, -0.7),True,31.37407,0.5107384,True
39,(-1.4, 0.0, 3.5),True,32.17411,0.5112839,True
40,(0.7, 0.0, 0.7),True,33.09542,0.5107498,True
41,(-3.5, 0.0, 1.4),True,33.75066,0.5107498,True
42,(3.5, 0.0, 1.4),True,34.67255,0.5108643,True
43,(-2.8, 0.0, 2.1),True,35.48324,0.5106354,True
44,(-3.5, 0.0, 0.7),True,36.20543,0.5110703,True
45,(1.4, 0.0, -0.7),True,37.08238,0.5106506,True
46,(-0.7, 0.0, 2.8),True,37.77107,0.5109329,True
47,(2.1, 0.0, 2.8),True,38.53725,0.5108566,True
48,(3.5, 0.0, -1.4),True,39.4258,0.5108337,True
49,(0.7, 0.0, -2.8),True,40.24798,0.5111389,False
50,(-1.4, 0.0, -0.7),True,41.1473,0.5110321,True
51,(1.4, 0.0, -2.1),True,42.04677,0.5110168,True
52,(-3.5, 0.0, -1.4),True,42.73532,0.5109253,True
53,(2.8, 0.0, 0.7),True,43.74595,0.5109024,True
54,(-1.4, 0.0, 2.1),True,44.3901,0.5109024,True
55,(2.8, 0.0, -2.1),True,45.2563,0.5108948,True
56,(1.4, 0.0, -2.1),True,45.94492,0.5109482,True
57,(-1.4, 0.0, 3.5),True,46.61119,0.5107651,True
58,(0.7, 0.0, -3.5),True,47.61089,0.5108414,False
59,(-2.1, 0.0, 1.4),True,48.47702,0.510704,True
60,(-0.7, 0.0, 1.4),True,49.1766,0.5107727,True
61,(0.7, 0.0, -0.7),True,49.86522,0.5108414,True
62,(-3.5, 0.0, -0.7),True,50.63157,0.5108261,True
63,(3.5, 0.0, 1.4),True,51.25352,0.5108337,True
64,(2.1, 0.0, 1.4),True,51.95321,0.5109787,True
65,(-2.1, 0.0, 2.8),True,52.90818,0.5106201,True
66,(2.8, 0.0, 0.7),True,53.91883,0.5108261,True
67,(0.7, 0.0, -1.4),True,54.60749,0.5106659,True
68,(3.5, 0.0, 1.4),True,55.36296,0.5110321,True
69,(-0.7, 0.0, 2.8),True,55.98467,0.5108871,True
70,(-1.4, 0.0, 0.7),True,56.61756,0.5108643,True
71,(2.8, 0.0, 2.1),True,57.58377,0.5106659,False
72,(0.7, 0.0, 3.5),True,58.29482,0.5111694,True
73,(-2.1, 0.0, 1.4),True,59.24971,0.5108871,True
74,(-1.4, 0.0, 0.7),True,60.0494,0.510849,True
75,(0.7, 0.0, 1.4),True,60.89338,0.5103989,True
76,(-2.8, 0.0, -2.1),True,61.63741,0.5108719,True
77,(2.1, 0.0, 1.4),True,62.49275,0.5111694,True
78,(1.4, 0.0, 0.7),True,63.38117,0.5109482,True
79,(-0.7, 0.0, -1.4),True,64.01418,0.5108795,False
80,(1.4, 0.0, 3.5),True,64.80261,0.5106735,True
81,(-2.1, 0.0, -1.4),True,65.81326,0.5107574,True
82,(1.4, 0.0, -2.1),True,66.524,0.5109177,True
83,(-0.7, 0.0, -0.7),True,67.33493,0.5109634,True
84,(-0.7, 0.0, 1.4),True,68.01219,0.5109024,True
85,(2.1, 0.0, 1.4),True,68.73399,0.5107651,True
86,(-2.8, 0.0, -0.7),True,69.52254,0.5109329,False
87,(0.7, 0.0, -3.5),True,70.26677,0.5108719,False
88,(-3.5, 0.0, 1.4),True,71.1774,0.51091,True
89,(-0.7, 0.0, -2.8),True,71.85495,0.5109711,True
90,(0.7, 0.0, -0.7),True,72.51006,0.5100708,True
91,(3.5, 0.0, -0.7),True,73.33194,0.5108795,True
92,(-2.1, 0.0, -2.8),True,74.3313,0.5108032,True
93,(-3.5, 0.0, -1.4),True,74.97543,0.5103073,True
94,(2.8, 0.0, -2.1),True,75.93065,0.5108871,True
95,(1.4, 0.0, -3.5),True,76.7858,0.51091,True
96,(0.7, 0.0, 3.5),True,77.4521,0.5109177,True
97,(1.4, 0.0, -0.7),True,78.12952,0.510849,False
98,(-2.8, 0.0, -0.7),True,78.85144,0.5109711,True
99,(1.4, 0.0, 0.7),True,79.56224,0.5109329,True
100,(-3.5, 0.0, 0.7),True,80.36176,0.51091,True
101,(-0.7, 0.0, 2.8),True,81.35028,0.5106583,False
102,(2.1, 0.0, -2.8),True,82.12761,0.5105896,False
103,(3.5, 0.0, -0.7),True,83.04948,0.5107193,True
104,(-3.5, 0.0, -1.4),True,84.04895,0.5107651,True
105,(3.5, 0.0, -1.4),True,84.80435,0.5111084,False
106,(-0.7, 0.0, -3.5),True,85.65948,0.5000229,False
107,(2.1, 0.0, -1.4),True,86.31451,0.510582,True
108,(-2.8, 0.0, 0.7),True,87.29192,0.510704,False
109,(-0.7, 0.0, 3.5),True,88.20294,0.5113068,True
110,(-1.4, 0.0, -3.5),True,89.20209,0.5109024,True
111,(0.7, 0.0, 2.8),True,90.01305,0.5111313,True
112,(-0.7, 0.0, -0.7),True,90.85692,0.5109253,True
113,(-2.8, 0.0, -0.7),True,91.85657,0.5111542,True
114,(2.8, 0.0, 2.1),True,92.52261,0.5108109,True
115,(1.4, 0.0, 2.1),True,93.42226,0.5105362,True
116,(-0.7, 0.0, 1.4),True,94.22186,0.5109024,True
117,(-2.8, 0.0, 2.1),True,94.8994,0.5101624,True
118,(2.1, 0.0, -2.8),True,95.79901,0.5109634,True
119,(-0.7, 0.0, -2.8),True,96.55409,0.5107117,True
120,(-1.4, 0.0, -0.7),True,97.29814,0.510849,True
121,(2.1, 0.0, -1.4),True,98.30893,0.5110321,False
122,(-0.7, 0.0, 0.7),True,98.99741,0.5109253,True
123,(0.7, 0.0, 3.5),True,99.74147,0.5108337,True
124,(0.7, 0.0, -2.8),True,100.7521,0.5108948,True
125,(-0.7, 0.0, -2.8),True,101.7517,0.5108948,True
126,(-0.7, 0.0, -3.5),True,102.718,0.5110474,True
127,(-0.7, 0.0, -1.4),True,103.5287,0.5108337,False
128,(0.7, 0.0, 0.7),True,104.4171,0.51091,True
129,(-1.4, 0.0, 0.7),True,105.4277,0.5106812,True
130,(-3.5, 0.0, 0.7),True,106.3827,0.5105591,True
131,(1.4, 0.0, -3.5),True,107.338,0.5110016,True
132,(3.5, 0.0, 0.7),True,107.9709,0.5108795,True
133,(0.7, 0.0, 0.7),True,108.615,0.510788,True
134,(-3.5, 0.0, 1.4),True,109.5257,0.5109711,True
135,(1.4, 0.0, 3.5),True,110.1476,0.5108337,True
136,(0.7, 0.0, 1.4),True,110.8917,0.5107117,True
137,(-2.8, 0.0, 0.7),True,111.6803,0.5108032,True
138,(-1.4, 0.0, 2.1),True,112.4688,0.5108337,True
139,(-1.4, 0.0, -3.5),True,113.2461,0.510849,True
140,(2.1, 0.0, 2.8),True,114.0681,0.5110321,True
141,(-2.8, 0.0, 2.1),True,114.9676,0.5106964,True
142,(-0.7, 0.0, 3.5),True,115.8674,0.5000763,True
143,(1.4, 0.0, 2.1),True,116.5891,0.5109253,True
144,(-2.8, 0.0, 0.7),True,117.5663,0.5107574,True
145,(-2.1, 0.0, -1.4),True,118.4216,0.5109253,True
146,(1.4, 0.0, 2.1),True,119.0657,0.5109863,True
147,(-3.5, 0.0, -0.7),True,120.0433,0.511261,True
148,(-1.4, 0.0, 2.1),True,120.9648,0.5109406,True
149,(-2.8, 0.0, -2.1),True,121.7644,0.5109253,True
150,(-0.7, 0.0, -1.4),True,122.5753,0.5109253,True
151,(1.4, 0.0, -3.5),True,123.1969,0.5100861,True
152,(2.8, 0.0, -2.1),True,124.1743,0.5108948,True
153,(0.7, 0.0, -0.7),True,124.8296,0.5108795,True
154,(-3.5, 0.0, -0.7),True,125.8069,0.51091,True
155,(-2.1, 0.0, -2.8),True,126.662,0.510849,True
