292.7853
0,(2.8, 0.0, -0.7),True,0.5066986,0.5066986,False
1,(2.8, 0.0, 2.1),True,1.488205,0.5108032,True
2,(0.7, 0.0, -1.4),True,2.121307,0.5108795,True
3,(0.7, 0.0, -3.5),True,2.865311,0.5108337,False
4,(0.7, 0.0, -1.4),True,3.598358,0.5109558,True
5,(3.5, 0.0, 0.7),True,4.464523,0.5108643,True
6,(1.4, 0.0, 3.5),True,5.297546,0.5102539,True
7,(2.8, 0.0, 0.7),True,6.186111,0.5110016,False
8,(0.7, 0.0, 1.4),True,6.941116,0.5106354,False
9,(0.7, 0.0, 2.8),True,7.863159,0.5,True
10,(-0.7, 0.0, 0.7),True,8.484924,0.5109558,False
11,(-0.7, 0.0, 3.5),True,9.417953,0.5111389,True
12,(-0.7, 0.0, -3.5),True,10.13959,0.5107727,True
13,(-0.7, 0.0, 0.7),True,10.78397,0.5,True
14,(1.4, 0.0, -0.7),True,11.78354,0.5000763,False
15,(-1.4, 0.0, -2.1),True,12.47183,0.5100708,False
16,(0.7, 0.0, 2.8),True,13.32697,0.5108185,False
17,(-0.7, 0.0, -0.7),True,14.1602,0.5107422,True
18,(-2.1, 0.0, -1.4),True,14.93736,0.5106659,True
19,(-1.4, 0.0, -0.7),True,15.62607,0.5109406,True
20,(3.5, 0.0, -0.7),True,16.32552,0.5107422,True
21,(-2.1, 0.0, -2.8),True,17.05873,0.5109711,True
22,(-2.1, 0.0, 2.8),True,17.6805,0.5108643,True
23,(-1.4, 0.0, 3.5),True,18.61333,0.5106964,True
24,(-1.4, 0.0, -2.1),True,19.31299,0.5105591,False
25,(-2.1, 0.0, 2.8),True,20.0239,0.5108337,True
26,(2.1, 0.0, 2.8),True,20.7012,0.5097046,True
27,(2.1, 0.0, -1.4),True,21.3231,0.5100098,True
28,(-1.4, 0.0, -3.5),True,22.32272,0.5109863,True
29,(1.4, 0.0, 0.7),True,23.18893,0.5108032,False
30,(2.1, 0.0, -2.8),True,24.15512,0.51091,False
31,(3.5, 0.0, -1.4),True,24.92184,0.5112457,False
32,(-1.4, 0.0, -2.1),True,25.61008,0.5109406,True
33,(-2.1, 0.0, 1.4),True,26.44293,0.5105591,False
34,(3.5, 0.0, 0.7),True,27.24254,0.5107727,False
35,(2.8, 0.0, -0.7),True,27.89775,0.5107422,False
36,(-2.8, 0.0, -2.1),True,28.73099,0.5111694,False
37,(0.7, 0.0, -2.8),True,29.45256,0.5105133,True
38,(2.8, 0.0, -0.7),True,30.27443,0.510498,True
39,(-1.4, 0.0, 3.5),True,30.96309,0.5108643,True
40,(0.7, 0.0, 0.7),True,31.74042,0.5108337,True
41,(-3.5, 0.0, 1.4),True,32.49565,0.5107727,True
42,(3.5, 0.0, 1.4),True,33.41747,0.5110016,True
43,(-2.8, 0.0, 2.1),True,34.25035,0.5108948,True
44,(-3.5, 0.0, 0.7),True,35.21664,0.5108032,True
45,(1.4, 0.0, -0.7),True,36.19398,0.5110779,True
46,(-0.7, 0.0, 2.8),True,36.88248,0.5101318,True
47,(2.1, 0.0, 2.8),True,37.61543,0.5109406,True
48,(3.5, 0.0, -1.4),True,38.59282,0.5110321,True
49,(0.7, 0.0, -2.8),True,39.31464,0.5108948,True
50,(-1.4, 0.0, -0.7),True,40.04779,0.5109863,True
51,(1.4, 0.0, -2.1),True,40.73622,0.5109711,False
52,(-3.5, 0.0, -1.4),True,41.64679,0.510849,False
53,(2.8, 0.0, 0.7),True,42.65736,0.510849,True
54,(-1.4, 0.0, 2.1),True,43.50156,0.5109406,True
55,(2.8, 0.0, -2.1),True,44.33479,0.5001221,True
56,(1.4, 0.0, -2.1),True,45.06732,0.5106049,True
57,(-1.4, 0.0, 3.5),True,45.94481,0.5107574,True
58,(0.7, 0.0, -3.5),True,46.72226,0.5110474,True
59,(-2.1, 0.0, 1.4),True,47.61066,0.510849,True
60,(-0.7, 0.0, 1.4),True,48.41026,0.5107727,True
61,(0.7, 0.0, -0.7),True,49.40984,0.5109253,False
62,(-3.5, 0.0, -0.7),True,50.30928,0.5108948,True
63,(3.5, 0.0, 1.4),True,51.04291,0.5003052,True
64,(2.1, 0.0, 1.4),True,51.78648,0.510849,True
65,(-2.1, 0.0, 2.8),True,52.67509,0.5107422,True
66,(2.8, 0.0, 0.7),True,53.58554,0.5106659,True
67,(0.7, 0.0, -1.4),True,54.32961,0.5106659,False
68,(3.5, 0.0, 1.4),True,55.34035,0.510376,True
69,(-0.7, 0.0, 2.8),True,56.12874,0.5109406,True
70,(-1.4, 0.0, 0.7),True,57.13933,0.5107574,True
71,(2.8, 0.0, 2.1),True,58.0168,0.5109406,True
72,(0.7, 0.0, 3.5),True,58.91635,0.5109711,True
73,(-2.1, 0.0, 1.4),True,59.84921,0.5106506,True
74,(-1.4, 0.0, 0.7),True,60.61548,0.5108185,False
75,(0.7, 0.0, 1.4),True,61.5262,0.51091,True
76,(-2.8, 0.0, -2.1),True,62.25922,0.5109253,True
77,(2.1, 0.0, 1.4),True,63.11438,0.5109558,True
78,(1.4, 0.0, 0.7),True,63.8251,0.5108795,True
79,(-0.7, 0.0, -1.4),True,64.66911,0.5107269,True
80,(1.4, 0.0, 3.5),True,65.62424,0.5107574,True
81,(-2.1, 0.0, -1.4),True,66.42415,0.5111237,False
82,(1.4, 0.0, -2.1),True,67.31239,0.5109253,False
83,(-0.7, 0.0, -0.7),True,68.07855,0.5107422,True
84,(-0.7, 0.0, 1.4),True,68.94485,0.5107727,True
85,(2.1, 0.0, 1.4),True,69.93338,0.5109253,True
86,(-2.8, 0.0, -0.7),True,70.83281,0.510849,True
87,(0.7, 0.0, -3.5),True,71.54356,0.510788,True
88,(-3.5, 0.0, 1.4),True,72.33234,0.5109558,True
89,(-0.7, 0.0, -2.8),True,73.12074,0.5110626,True
90,(0.7, 0.0, -0.7),True,73.87604,0.5109863,True
91,(3.5, 0.0, -0.7),True,74.74217,0.5109863,True
92,(-2.1, 0.0, -2.8),True,75.63058,0.5108185,False
93,(-3.5, 0.0, -1.4),True,76.54144,0.5110474,True
94,(2.8, 0.0, -2.1),True,77.38528,0.5109406,False
95,(1.4, 0.0, -3.5),True,78.0737,0.5108185,True
96,(0.7, 0.0, 3.5),True,79.05118,0.51091,False
97,(1.4, 0.0, -0.7),True,79.76184,0.5106506,True
98,(-2.8, 0.0, -0.7),True,80.40617,0.5101776,True
99,(1.4, 0.0, 0.7),True,81.38336,0.510849,True
100,(-3.5, 0.0, 0.7),True,82.03854,0.5108337,False
101,(-0.7, 0.0, 2.8),True,82.78268,0.5108795,True
102,(2.1, 0.0, -2.8),True,83.57109,0.5107574,True
103,(3.5, 0.0, -0.7),True,84.20419,0.5108643,False
104,(-3.5, 0.0, -1.4),True,84.88167,0.5107117,True
105,(3.5, 0.0, -1.4),True,85.70363,0.5108032,True
106,(-0.7, 0.0, -3.5),True,86.62534,0.5109558,False
107,(2.1, 0.0, -1.4),True,87.2805,0.5105743,True
108,(-2.8, 0.0, 0.7),True,88.19122,0.5104523,True
109,(-0.7, 0.0, 3.5),True,89.04631,0.5107269,True
110,(-1.4, 0.0, -3.5),True,89.74611,0.5109711,True
111,(0.7, 0.0, 2.8),True,90.41245,0.5107422,True
112,(-0.7, 0.0, -0.7),True,91.42303,0.5108032,True
113,(-2.8, 0.0, -0.7),True,92.10043,0.5108337,True
114,(2.8, 0.0, 2.1),True,92.91116,0.5108948,True
115,(1.4, 0.0, 2.1),True,93.69971,0.5108643,True
116,(-0.7, 0.0, 1.4),True,94.36606,0.5107422,True
117,(-2.8, 0.0, 2.1),True,95.01019,0.5107117,True
118,(2.1, 0.0, -2.8),True,95.72095,0.5108643,True
119,(-0.7, 0.0, -2.8),True,96.6983,0.5108643,True
120,(-1.4, 0.0, -0.7),True,97.45352,0.5107727,True
121,(2.1, 0.0, -1.4),True,98.45297,0.5098877,True
122,(-0.7, 0.0, 0.7),True,99.3082,0.5108643,True
123,(0.7, 0.0, 3.5),True,100.1855,0.5108337,True
124,(0.7, 0.0, -2.8),True,101.0962,0.5108337,True
125,(-0.7, 0.0, -2.8),True,102.0514,0.5109253,True
126,(-0.7, 0.0, -3.5),True,102.6954,0.5107727,True
127,(-0.7, 0.0, -1.4),True,103.4285,0.5108643,True
128,(0.7, 0.0, 0.7),True,104.4057,0.5105286,True
129,(-1.4, 0.0, 0.7),True,105.4164,0.5109253,True
130,(-3.5, 0.0, 0.7),True,106.116,0.5108337,True
131,(1.4, 0.0, -3.5),True,106.7716,0.5112,True
132,(3.5, 0.0, 0.7),True,107.4711,0.5102234,True
133,(0.7, 0.0, 0.7),True,108.3373,0.5108643,True
134,(-3.5, 0.0, 1.4),True,109.159,0.5108032,True
135,(1.4, 0.0, 3.5),True,109.9809,0.5107117,True
136,(0.7, 0.0, 1.4),True,110.725,0.5110474,True
137,(-2.8, 0.0, 0.7),True,111.3692,0.5109863,True
138,(-1.4, 0.0, 2.1),True,112.1687,0.5108337,True
139,(-1.4, 0.0, -3.5),True,113.1126,0.5107727,True
140,(2.1, 0.0, 2.8),True,114.0125,0.5112305,False
141,(-2.8, 0.0, 2.1),True,115.0008,0.5109863,True
142,(-0.7, 0.0, 3.5),True,115.7449,0.5109863,True
143,(1.4, 0.0, 2.1),True,116.7333,0.5109253,True
144,(-2.8, 0.0, 0.7),True,117.5995,0.5109558,True
145,(-2.1, 0.0, -1.4),True,118.3658,0.5106812,True
146,(1.4, 0.0, 2.1),True,119.0655,0.5108948,True
147,(-3.5, 0.0, -0.7),True,119.8762,0.5109863,True
148,(-1.4, 0.0, 2.1),True,120.7534,0.5107117,True
149,(-2.8, 0.0, -2.1),True,121.4086,0.5108032,True
150,(-0.7, 0.0, -1.4),True,122.2749,0.5107117,False
151,(1.4, 0.0, -3.5),True,123.1305,0.5111084,True
152,(2.8, 0.0, -2.1),True,123.986,0.5004883,True
153,(0.7, 0.0, -0.7),True,124.8627,0.5108948,False
154,(-3.5, 0.0, -0.7),True,125.5178,0.5107727,False
155,(-2.1, 0.0, -2.8),True,126.4174,0.5106812,True
